language,sex,age,words,n,measure,prop
American Sign Language,All,8,BATHTUB,1,produces,0
American Sign Language,All,8,BATHTUB,1,understands,0
American Sign Language,All,10,BATHTUB,3,produces,0
American Sign Language,All,10,BATHTUB,3,understands,0
American Sign Language,All,11,BATHTUB,1,produces,0
American Sign Language,All,11,BATHTUB,1,understands,0
American Sign Language,All,12,BATHTUB,2,produces,0
American Sign Language,All,12,BATHTUB,2,understands,0
American Sign Language,All,13,BATHTUB,4,produces,0
American Sign Language,All,13,BATHTUB,4,understands,0
American Sign Language,All,14,BATHTUB,1,produces,1
American Sign Language,All,14,BATHTUB,1,understands,0
American Sign Language,All,15,BATHTUB,2,produces,0
American Sign Language,All,15,BATHTUB,2,understands,0
American Sign Language,All,17,BATHTUB,2,produces,0
American Sign Language,All,17,BATHTUB,2,understands,0
American Sign Language,All,18,BATHTUB,4,produces,0.5
American Sign Language,All,18,BATHTUB,4,understands,0.25
American Sign Language,All,19,BATHTUB,1,produces,0
American Sign Language,All,19,BATHTUB,1,understands,0
American Sign Language,All,20,BATHTUB,1,produces,1
American Sign Language,All,20,BATHTUB,1,understands,0
American Sign Language,All,21,BATHTUB,2,produces,0.5
American Sign Language,All,21,BATHTUB,2,understands,0.5
American Sign Language,All,22,BATHTUB,2,produces,0.5
American Sign Language,All,22,BATHTUB,2,understands,0
American Sign Language,All,23,BATHTUB,3,produces,0.6667
American Sign Language,All,23,BATHTUB,3,understands,0
American Sign Language,All,24,BATHTUB,3,produces,0
American Sign Language,All,24,BATHTUB,3,understands,0
American Sign Language,All,25,BATHTUB,2,produces,0.5
American Sign Language,All,25,BATHTUB,2,understands,0
American Sign Language,All,27,BATHTUB,2,produces,0.5
American Sign Language,All,27,BATHTUB,2,understands,0
American Sign Language,All,28,BATHTUB,4,produces,0.5
American Sign Language,All,28,BATHTUB,4,understands,0.25
American Sign Language,All,30,BATHTUB,3,produces,1
American Sign Language,All,30,BATHTUB,3,understands,0
American Sign Language,All,31,BATHTUB,3,produces,0.6667
American Sign Language,All,31,BATHTUB,3,understands,0
American Sign Language,All,32,BATHTUB,8,produces,1
American Sign Language,All,32,BATHTUB,8,understands,0.125
American Sign Language,All,33,BATHTUB,2,produces,1
American Sign Language,All,33,BATHTUB,2,understands,0.5
American Sign Language,All,34,BATHTUB,2,produces,1
American Sign Language,All,34,BATHTUB,2,understands,0
American Sign Language,All,35,BATHTUB,3,produces,0.6667
American Sign Language,All,35,BATHTUB,3,understands,0
Arabic (Saudi),All,8,بانيو,24,produces,0
Arabic (Saudi),All,8,بانيو,24,understands,0.0833
Arabic (Saudi),All,9,بانيو,27,produces,0
Arabic (Saudi),All,9,بانيو,27,understands,0
Arabic (Saudi),All,10,بانيو,35,produces,0
Arabic (Saudi),All,10,بانيو,35,understands,0.0857
Arabic (Saudi),All,11,بانيو,30,produces,0.0667
Arabic (Saudi),All,11,بانيو,30,understands,0.0333
Arabic (Saudi),All,12,بانيو,30,produces,0.0333
Arabic (Saudi),All,12,بانيو,30,understands,0.0667
Arabic (Saudi),All,13,بانيو,39,produces,0
Arabic (Saudi),All,13,بانيو,39,understands,0
Arabic (Saudi),All,14,بانيو,25,produces,0
Arabic (Saudi),All,14,بانيو,25,understands,0
Arabic (Saudi),All,15,بانيو,27,produces,0.037
Arabic (Saudi),All,15,بانيو,27,understands,0.0741
Arabic (Saudi),All,16,بانيو,21,produces,0
Arabic (Saudi),All,16,بانيو,21,understands,0.0476
Cantonese,All,16,沖涼缸/浴缸,46,produces,0
Cantonese,All,16,沖涼缸/浴缸,46,understands,0
Cantonese,All,17,沖涼缸/浴缸,61,produces,0
Cantonese,All,17,沖涼缸/浴缸,61,understands,0
Cantonese,All,18,沖涼缸/浴缸,68,produces,0
Cantonese,All,18,沖涼缸/浴缸,68,understands,0
Cantonese,All,19,沖涼缸/浴缸,66,produces,0
Cantonese,All,19,沖涼缸/浴缸,66,understands,0
Cantonese,All,20,沖涼缸/浴缸,140,produces,0.0214
Cantonese,All,20,沖涼缸/浴缸,140,understands,0
Cantonese,All,21,沖涼缸/浴缸,120,produces,0.0167
Cantonese,All,21,沖涼缸/浴缸,120,understands,0
Cantonese,All,22,沖涼缸/浴缸,68,produces,0.0147
Cantonese,All,22,沖涼缸/浴缸,68,understands,0
Cantonese,All,23,沖涼缸/浴缸,74,produces,0.0811
Cantonese,All,23,沖涼缸/浴缸,74,understands,0
Cantonese,All,24,沖涼缸/浴缸,68,produces,0.0294
Cantonese,All,24,沖涼缸/浴缸,68,understands,0
Cantonese,All,25,沖涼缸/浴缸,65,produces,0.0769
Cantonese,All,25,沖涼缸/浴缸,65,understands,0
Cantonese,All,26,沖涼缸/浴缸,68,produces,0.1618
Cantonese,All,26,沖涼缸/浴缸,68,understands,0
Cantonese,All,27,沖涼缸/浴缸,62,produces,0.1613
Cantonese,All,27,沖涼缸/浴缸,62,understands,0
Cantonese,All,28,沖涼缸/浴缸,66,produces,0.2727
Cantonese,All,28,沖涼缸/浴缸,66,understands,0
Cantonese,All,29,沖涼缸/浴缸,72,produces,0.2778
Cantonese,All,29,沖涼缸/浴缸,72,understands,0
Cantonese,All,30,沖涼缸/浴缸,164,produces,0.3598
Cantonese,All,30,沖涼缸/浴缸,164,understands,0
Catalan,All,8,banyera,39,produces,0
Catalan,All,8,banyera,39,understands,0.1795
Catalan,All,9,banyera,46,produces,0
Catalan,All,9,banyera,46,understands,0.1957
Catalan,All,10,banyera,43,produces,0
Catalan,All,10,banyera,43,understands,0.2326
Catalan,All,11,banyera,43,produces,0
Catalan,All,11,banyera,43,understands,0.3256
Catalan,All,12,banyera,59,produces,0
Catalan,All,12,banyera,59,understands,0.3898
Catalan,All,13,banyera,44,produces,0.0455
Catalan,All,13,banyera,44,understands,0.5
Catalan,All,14,banyera,60,produces,0
Catalan,All,14,banyera,60,understands,0.7
Catalan,All,15,banyera,70,produces,0.0143
Catalan,All,15,banyera,70,understands,0.7286
Catalan,All,16,banyera,73,produces,0
Catalan,All,16,banyera,73,understands,0.5479
Catalan,All,17,banyera,110,produces,0.0545
Catalan,All,17,banyera,110,understands,0.5636
Catalan,All,18,banyera,102,produces,0.10780000000000001
Catalan,All,18,banyera,102,understands,0.451
Catalan,All,19,banyera,45,produces,0.1111
Catalan,All,19,banyera,45,understands,0
Catalan,All,20,banyera,56,produces,0.1786
Catalan,All,20,banyera,56,understands,0
Catalan,All,21,banyera,58,produces,0.2759
Catalan,All,21,banyera,58,understands,0
Catalan,All,22,banyera,50,produces,0.36
Catalan,All,22,banyera,50,understands,0
Catalan,All,23,banyera,66,produces,0.4394
Catalan,All,23,banyera,66,understands,0
Catalan,All,24,banyera,79,produces,0.6709
Catalan,All,24,banyera,79,understands,0
Catalan,All,25,banyera,60,produces,0.7
Catalan,All,25,banyera,60,understands,0
Catalan,All,26,banyera,65,produces,0.7385
Catalan,All,26,banyera,65,understands,0
Catalan,All,27,banyera,63,produces,0.8254
Catalan,All,27,banyera,63,understands,0
Catalan,All,28,banyera,81,produces,0.7654
Catalan,All,28,banyera,81,understands,0
Catalan,All,29,banyera,50,produces,0.88
Catalan,All,29,banyera,50,understands,0
Catalan,All,30,banyera,75,produces,0.88
Catalan,All,30,banyera,75,understands,0
Croatian,All,8,kada,23,produces,0
Croatian,All,8,kada,23,understands,0.0435
Croatian,All,9,kada,25,produces,0
Croatian,All,9,kada,25,understands,0.12
Croatian,All,10,kada,22,produces,0
Croatian,All,10,kada,22,understands,0.1364
Croatian,All,11,kada,25,produces,0
Croatian,All,11,kada,25,understands,0.28
Croatian,All,12,kada,35,produces,0
Croatian,All,12,kada,35,understands,0.2
Croatian,All,13,kada,34,produces,0
Croatian,All,13,kada,34,understands,0.3824
Croatian,All,14,kada,28,produces,0
Croatian,All,14,kada,28,understands,0.4643
Croatian,All,15,kada,24,produces,0
Croatian,All,15,kada,24,understands,0.5833
Croatian,All,16,"kada, kada (object)",47,produces,0.1489
Croatian,All,16,"kada, kada (object)",47,understands,0.4681
Croatian,All,17,kada (object),25,produces,0.16
Croatian,All,17,kada (object),25,understands,0
Croatian,All,18,kada (object),22,produces,0.2727
Croatian,All,18,kada (object),22,understands,0
Croatian,All,19,kada (object),21,produces,0.1905
Croatian,All,19,kada (object),21,understands,0
Croatian,All,20,kada (object),26,produces,0.2692
Croatian,All,20,kada (object),26,understands,0
Croatian,All,21,kada (object),29,produces,0.4483
Croatian,All,21,kada (object),29,understands,0
Croatian,All,22,kada (object),24,produces,0.6667
Croatian,All,22,kada (object),24,understands,0
Croatian,All,23,kada (object),26,produces,0.5769
Croatian,All,23,kada (object),26,understands,0
Croatian,All,24,kada (object),30,produces,0.6333
Croatian,All,24,kada (object),30,understands,0
Croatian,All,25,kada (object),30,produces,0.6667
Croatian,All,25,kada (object),30,understands,0
Croatian,All,26,kada (object),29,produces,0.7241
Croatian,All,26,kada (object),29,understands,0
Croatian,All,27,kada (object),25,produces,0.84
Croatian,All,27,kada (object),25,understands,0
Croatian,All,28,kada (object),21,produces,0.9524
Croatian,All,28,kada (object),21,understands,0
Croatian,All,29,kada (object),28,produces,0.8929
Croatian,All,29,kada (object),28,understands,0
Croatian,All,30,kada (object),28,produces,0.8929
Croatian,All,30,kada (object),28,understands,0
Danish,All,8,badekar,174,produces,0
Danish,All,8,badekar,174,understands,0.1264
Danish,All,9,badekar,196,produces,0
Danish,All,9,badekar,196,understands,0.0918
Danish,All,10,badekar,182,produces,0
Danish,All,10,badekar,182,understands,0.2088
Danish,All,11,badekar,200,produces,0.005
Danish,All,11,badekar,200,understands,0.245
Danish,All,12,badekar,188,produces,0
Danish,All,12,badekar,188,understands,0.3564
Danish,All,13,badekar,216,produces,0.0185
Danish,All,13,badekar,216,understands,0.4167
Danish,All,14,badekar,178,produces,0.0056
Danish,All,14,badekar,178,understands,0.5169
Danish,All,15,badekar,203,produces,0.0394
Danish,All,15,badekar,203,understands,0.5468
Danish,All,16,badekar,359,produces,0.0306
Danish,All,16,badekar,359,understands,0.3064
Danish,All,17,badekar,346,produces,0.0578
Danish,All,17,badekar,346,understands,0.3497
Danish,All,18,badekar,358,produces,0.1034
Danish,All,18,badekar,358,understands,0.4218
Danish,All,19,badekar,361,produces,0.0831
Danish,All,19,badekar,361,understands,0.3407
Danish,All,20,badekar,358,produces,0.1732
Danish,All,20,badekar,358,understands,0.3883
Danish,All,21,badekar,236,produces,0.2076
Danish,All,21,badekar,236,understands,0
Danish,All,22,badekar,235,produces,0.3149
Danish,All,22,badekar,235,understands,0
Danish,All,23,badekar,190,produces,0.3211
Danish,All,23,badekar,190,understands,0
Danish,All,24,badekar,216,produces,0.4815
Danish,All,24,badekar,216,understands,0
Danish,All,25,badekar,138,produces,0.558
Danish,All,25,badekar,138,understands,0
Danish,All,26,badekar,206,produces,0.6553
Danish,All,26,badekar,206,understands,0
Danish,All,27,badekar,176,produces,0.7045
Danish,All,27,badekar,176,understands,0
Danish,All,28,badekar,190,produces,0.7263
Danish,All,28,badekar,190,understands,0
Danish,All,29,badekar,182,produces,0.7308
Danish,All,29,badekar,182,understands,0
Danish,All,30,badekar,173,produces,0.8728
Danish,All,30,badekar,173,understands,0
Danish,All,31,badekar,175,produces,0.8286
Danish,All,31,badekar,175,understands,0
Danish,All,32,badekar,143,produces,0.9021
Danish,All,32,badekar,143,understands,0
Danish,All,33,badekar,151,produces,0.9073
Danish,All,33,badekar,151,understands,0
Danish,All,34,badekar,143,produces,0.9091
Danish,All,34,badekar,143,understands,0
Danish,All,35,badekar,113,produces,0.9381
Danish,All,35,badekar,113,understands,0
Danish,All,36,badekar,126,produces,0.9286
Danish,All,36,badekar,126,understands,0
English (American),All,8,bathtub,255,produces,0
English (American),All,8,bathtub,255,understands,0.1647
English (American),All,9,bathtub,299,produces,0.0067
English (American),All,9,bathtub,299,understands,0.2308
English (American),All,10,bathtub,279,produces,0.0072
English (American),All,10,bathtub,279,understands,0.2616
English (American),All,11,bathtub,360,produces,0.0306
English (American),All,11,bathtub,360,understands,0.4
English (American),All,12,bathtub,615,produces,0.0276
English (American),All,12,bathtub,615,understands,0.4179
English (American),All,13,bathtub,1039,produces,0.0433
English (American),All,13,bathtub,1039,understands,0.5573
English (American),All,14,bathtub,455,produces,0.0681
English (American),All,14,bathtub,455,understands,0.5341
English (American),All,15,bathtub,245,produces,0.102
English (American),All,15,bathtub,245,understands,0.6694
English (American),All,16,bathtub,1750,produces,0.1623
English (American),All,16,bathtub,1750,understands,0.3909
English (American),All,17,bathtub,831,produces,0.1613
English (American),All,17,bathtub,831,understands,0.349
English (American),All,18,bathtub,1024,produces,0.2324
English (American),All,18,bathtub,1024,understands,0.3057
English (American),All,19,bathtub,570,produces,0.3281
English (American),All,19,bathtub,570,understands,0
English (American),All,20,bathtub,537,produces,0.3091
English (American),All,20,bathtub,537,understands,0
English (American),All,21,bathtub,366,produces,0.3607
English (American),All,21,bathtub,366,understands,0
English (American),All,22,bathtub,454,produces,0.4493
English (American),All,22,bathtub,454,understands,0
English (American),All,23,bathtub,470,produces,0.5681
English (American),All,23,bathtub,470,understands,0
English (American),All,24,bathtub,985,produces,0.5858
English (American),All,24,bathtub,985,understands,0
English (American),All,25,bathtub,757,produces,0.6301
English (American),All,25,bathtub,757,understands,0
English (American),All,26,bathtub,435,produces,0.6943
English (American),All,26,bathtub,435,understands,0
English (American),All,27,bathtub,361,produces,0.7036
English (American),All,27,bathtub,361,understands,0
English (American),All,28,bathtub,954,produces,0.8637
English (American),All,28,bathtub,954,understands,0
English (American),All,29,bathtub,390,produces,0.7436
English (American),All,29,bathtub,390,understands,0
English (American),All,30,bathtub,785,produces,0.7299
English (American),All,30,bathtub,785,understands,0
English (Australian),All,12,Bath (tub),71,produces,0.0282
English (Australian),All,12,Bath (tub),71,understands,0
English (Australian),All,13,Bath (tub),64,produces,0.0312
English (Australian),All,13,Bath (tub),64,understands,0
English (Australian),All,14,Bath (tub),111,produces,0.1892
English (Australian),All,14,Bath (tub),111,understands,0
English (Australian),All,15,Bath (tub),69,produces,0.2029
English (Australian),All,15,Bath (tub),69,understands,0
English (Australian),All,16,Bath (tub),60,produces,0.3333
English (Australian),All,16,Bath (tub),60,understands,0
English (Australian),All,17,Bath (tub),104,produces,0.4231
English (Australian),All,17,Bath (tub),104,understands,0
English (Australian),All,18,Bath (tub),109,produces,0.5138
English (Australian),All,18,Bath (tub),109,understands,0
English (Australian),All,19,Bath (tub),124,produces,0.6613
English (Australian),All,19,Bath (tub),124,understands,0
English (Australian),All,20,Bath (tub),78,produces,0.7692
English (Australian),All,20,Bath (tub),78,understands,0
English (Australian),All,21,Bath (tub),68,produces,0.6471
English (Australian),All,21,Bath (tub),68,understands,0
English (Australian),All,22,Bath (tub),73,produces,0.8082
English (Australian),All,22,Bath (tub),73,understands,0
English (Australian),All,23,Bath (tub),71,produces,0.7887
English (Australian),All,23,Bath (tub),71,understands,0
English (Australian),All,24,Bath (tub),76,produces,0.8816
English (Australian),All,24,Bath (tub),76,understands,0
English (Australian),All,25,Bath (tub),85,produces,0.8
English (Australian),All,25,Bath (tub),85,understands,0
English (Australian),All,26,Bath (tub),77,produces,0.8831
English (Australian),All,26,Bath (tub),77,understands,0
English (Australian),All,27,Bath (tub),72,produces,0.875
English (Australian),All,27,Bath (tub),72,understands,0
English (Australian),All,28,Bath (tub),67,produces,0.8955
English (Australian),All,28,Bath (tub),67,understands,0
English (Australian),All,29,Bath (tub),65,produces,0.9385
English (Australian),All,29,Bath (tub),65,understands,0
English (Australian),All,30,Bath (tub),53,produces,0.9811
English (Australian),All,30,Bath (tub),53,understands,0
English (British),All,12,bath / bathtub,27,produces,0
English (British),All,12,bath / bathtub,27,understands,0.5926
English (British),All,13,bath / bathtub,7,produces,0
English (British),All,13,bath / bathtub,7,understands,0.4286
English (British),All,14,bath / bathtub,64,produces,0.1562
English (British),All,14,bath / bathtub,64,understands,0.7188
English (British),All,15,bath / bathtub,88,produces,0.1591
English (British),All,15,bath / bathtub,88,understands,0.8068
English (British),All,16,bath / bathtub,118,produces,0.2119
English (British),All,16,bath / bathtub,118,understands,0.8136
English (British),All,17,bath / bathtub,197,produces,0.269
English (British),All,17,bath / bathtub,197,understands,0.8883
English (British),All,18,bath / bathtub,118,produces,0.2881
English (British),All,18,bath / bathtub,118,understands,0.8559
English (British),All,19,bath / bathtub,109,produces,0.4954
English (British),All,19,bath / bathtub,109,understands,0.9083
English (British),All,20,bath / bathtub,144,produces,0.5972
English (British),All,20,bath / bathtub,144,understands,0.9514
English (British),All,21,bath / bathtub,75,produces,0.68
English (British),All,21,bath / bathtub,75,understands,0.96
English (British),All,22,bath / bathtub,28,produces,0.6429
English (British),All,22,bath / bathtub,28,understands,1
English (British),All,23,bath / bathtub,112,produces,0.7054
English (British),All,23,bath / bathtub,112,understands,0.9821
English (British),All,24,bath / bathtub,87,produces,0.7816
English (British),All,24,bath / bathtub,87,understands,0.954
English (British),All,25,bath / bathtub,36,produces,0.7222
English (British),All,25,bath / bathtub,36,understands,0.9444
Finnish,All,12,amme  ,35,produces,0
Finnish,All,12,amme  ,35,understands,0
Finnish,All,15,amme  ,35,produces,0
Finnish,All,15,amme  ,35,understands,0
Finnish,All,18,amme,119,produces,0.1345
Finnish,All,18,amme,119,understands,0
Finnish,All,24,amme,119,produces,0.5714
Finnish,All,24,amme,119,understands,0
French (Quebecois),All,8,bain (object),103,produces,0
French (Quebecois),All,8,bain (object),103,understands,0.3786
French (Quebecois),All,9,bain (object),167,produces,0.006
French (Quebecois),All,9,bain (object),167,understands,0.4132
French (Quebecois),All,10,bain (object),86,produces,0.0581
French (Quebecois),All,10,bain (object),86,understands,0.5698
French (Quebecois),All,11,bain (object),81,produces,0.0123
French (Quebecois),All,11,bain (object),81,understands,0.7037
French (Quebecois),All,12,bain (object),166,produces,0.0301
French (Quebecois),All,12,bain (object),166,understands,0.7048
French (Quebecois),All,13,bain (object),126,produces,0.0873
French (Quebecois),All,13,bain (object),126,understands,0.7698
French (Quebecois),All,14,bain (object),228,produces,0.0789
French (Quebecois),All,14,bain (object),228,understands,0.75
French (Quebecois),All,15,bain (object),101,produces,0.2376
French (Quebecois),All,15,bain (object),101,understands,0.8713
French (Quebecois),All,16,bain (object),108,produces,0.3241
French (Quebecois),All,16,bain (object),108,understands,0.5463
French (Quebecois),All,17,bain (object),62,produces,0.4194
French (Quebecois),All,17,bain (object),62,understands,0
French (Quebecois),All,18,bain (object),99,produces,0.5051
French (Quebecois),All,18,bain (object),99,understands,0
French (Quebecois),All,19,bain (object),91,produces,0.6264
French (Quebecois),All,19,bain (object),91,understands,0
French (Quebecois),All,20,bain (object),196,produces,0.5561
French (Quebecois),All,20,bain (object),196,understands,0
French (Quebecois),All,21,bain (object),109,produces,0.6789
French (Quebecois),All,21,bain (object),109,understands,0
French (Quebecois),All,22,bain (object),86,produces,0.7093
French (Quebecois),All,22,bain (object),86,understands,0
French (Quebecois),All,23,bain (object),86,produces,0.8605
French (Quebecois),All,23,bain (object),86,understands,0
French (Quebecois),All,24,bain (object),132,produces,0.7803
French (Quebecois),All,24,bain (object),132,understands,0
French (Quebecois),All,25,bain (object),87,produces,0.8276
French (Quebecois),All,25,bain (object),87,understands,0
French (Quebecois),All,26,bain (object),95,produces,0.8
French (Quebecois),All,26,bain (object),95,understands,0
French (Quebecois),All,27,bain (object),74,produces,0.9324
French (Quebecois),All,27,bain (object),74,understands,0
French (Quebecois),All,28,bain (object),61,produces,0.9672
French (Quebecois),All,28,bain (object),61,understands,0
French (Quebecois),All,29,bain (object),70,produces,0.9143
French (Quebecois),All,29,bain (object),70,understands,0
French (Quebecois),All,30,bain (object),100,produces,0.89
French (Quebecois),All,30,bain (object),100,understands,0
German,All,18,Badewanne,85,produces,0.0353
German,All,18,Badewanne,85,understands,0
German,All,19,Badewanne,79,produces,0.1392
German,All,19,Badewanne,79,understands,0
German,All,20,Badewanne,96,produces,0.2292
German,All,20,Badewanne,96,understands,0
German,All,21,Badewanne,77,produces,0.3117
German,All,21,Badewanne,77,understands,0
German,All,22,Badewanne,95,produces,0.3474
German,All,22,Badewanne,95,understands,0
German,All,23,Badewanne,95,produces,0.4316
German,All,23,Badewanne,95,understands,0
German,All,24,Badewanne,103,produces,0.5146
German,All,24,Badewanne,103,understands,0
German,All,25,Badewanne,95,produces,0.6
German,All,25,Badewanne,95,understands,0
German,All,26,Badewanne,92,produces,0.7391
German,All,26,Badewanne,92,understands,0
German,All,27,Badewanne,89,produces,0.6517
German,All,27,Badewanne,89,understands,0
German,All,28,Badewanne,93,produces,0.8065
German,All,28,Badewanne,93,understands,0
German,All,29,Badewanne,89,produces,0.8427
German,All,29,Badewanne,89,understands,0
German,All,30,Badewanne,93,produces,0.914
German,All,30,Badewanne,93,understands,0
Greek (Cypriot),All,18,μπανιέρα,45,produces,0.0222
Greek (Cypriot),All,18,μπανιέρα,45,understands,0
Greek (Cypriot),All,21,μπανιέρα,36,produces,0
Greek (Cypriot),All,21,μπανιέρα,36,understands,0
Greek (Cypriot),All,24,μπανιέρα,32,produces,0.125
Greek (Cypriot),All,24,μπανιέρα,32,understands,0
Greek (Cypriot),All,27,μπανιέρα,29,produces,0.1379
Greek (Cypriot),All,27,μπανιέρα,29,understands,0
Greek (Cypriot),All,30,μπανιέρα,34,produces,0.1765
Greek (Cypriot),All,30,μπανιέρα,34,understands,0
Hebrew,All,11,אמבטיה,1,produces,0
Hebrew,All,11,אמבטיה,1,understands,1
Hebrew,All,12,אמבטיה,4,produces,0
Hebrew,All,12,אמבטיה,4,understands,0.5
Hebrew,All,13,אמבטיה,4,produces,0
Hebrew,All,13,אמבטיה,4,understands,0.25
Hebrew,All,14,אמבטיה,1,produces,0
Hebrew,All,14,אמבטיה,1,understands,0
Hebrew,All,15,אמבטיה,2,produces,0
Hebrew,All,15,אמבטיה,2,understands,0
Hebrew,All,16,אמבטיה,6,produces,0.1667
Hebrew,All,16,אמבטיה,6,understands,0.8333
Hebrew,All,17,אמבטיה,3,produces,0.3333
Hebrew,All,17,אמבטיה,3,understands,0.6667
Hebrew,All,19,אמבטיה,4,produces,0.5
Hebrew,All,19,אמבטיה,4,understands,1
Hebrew,All,20,אמבטיה,9,produces,0.6667
Hebrew,All,20,אמבטיה,9,understands,1
Hebrew,All,21,אמבטיה,4,produces,0.5
Hebrew,All,21,אמבטיה,4,understands,1
Hebrew,All,22,אמבטיה,3,produces,0.6667
Hebrew,All,22,אמבטיה,3,understands,1
Hebrew,All,23,אמבטיה,7,produces,0.4286
Hebrew,All,23,אמבטיה,7,understands,1
Hebrew,All,24,אמבטיה,11,produces,0.7273
Hebrew,All,24,אמבטיה,11,understands,0.9091
Hebrew,All,25,אמבטיה,84,produces,0.7738
Hebrew,All,25,אמבטיה,84,understands,0.0238
Hebrew,All,26,אמבטיה,80,produces,0.825
Hebrew,All,26,אמבטיה,80,understands,0
Hebrew,All,27,אמבטיה,68,produces,0.8529
Hebrew,All,27,אמבטיה,68,understands,0
Hebrew,All,28,אמבטיה,57,produces,0.8947
Hebrew,All,28,אמבטיה,57,understands,0
Hebrew,All,29,אמבטיה,47,produces,0.9787
Hebrew,All,29,אמבטיה,47,understands,0
Hebrew,All,30,אמבטיה,28,produces,0.8571
Hebrew,All,30,אמבטיה,28,understands,0
Hebrew,All,31,אמבטיה,35,produces,0.9143
Hebrew,All,31,אמבטיה,35,understands,0
Hebrew,All,32,אמבטיה,36,produces,0.8333
Hebrew,All,32,אמבטיה,36,understands,0
Hebrew,All,33,אמבטיה,21,produces,0.9048
Hebrew,All,33,אמבטיה,21,understands,0
Hebrew,All,34,אמבטיה,27,produces,0.9259
Hebrew,All,34,אמבטיה,27,understands,0
Hebrew,All,35,אמבטיה,18,produces,0.7778
Hebrew,All,35,אמבטיה,18,understands,0
Hebrew,All,36,אמבטיה,5,produces,0.8
Hebrew,All,36,אמבטיה,5,understands,0
Hungarian,All,16,fürdőkád,21,produces,0.0952
Hungarian,All,16,fürdőkád,21,understands,0
Hungarian,All,17,fürdőkád,18,produces,0.1111
Hungarian,All,17,fürdőkád,18,understands,0
Hungarian,All,18,fürdőkád,18,produces,0.0556
Hungarian,All,18,fürdőkád,18,understands,0
Hungarian,All,19,fürdőkád,26,produces,0.2692
Hungarian,All,19,fürdőkád,26,understands,0
Hungarian,All,20,fürdőkád,18,produces,0.2222
Hungarian,All,20,fürdőkád,18,understands,0
Hungarian,All,21,fürdőkád,36,produces,0.2778
Hungarian,All,21,fürdőkád,36,understands,0
Hungarian,All,22,fürdőkád,27,produces,0.4444
Hungarian,All,22,fürdőkád,27,understands,0
Hungarian,All,23,fürdőkád,18,produces,0.5
Hungarian,All,23,fürdőkád,18,understands,0
Hungarian,All,24,fürdőkád,38,produces,0.4211
Hungarian,All,24,fürdőkád,38,understands,0
Hungarian,All,25,fürdőkád,43,produces,0.6279
Hungarian,All,25,fürdőkád,43,understands,0
Hungarian,All,26,fürdőkád,23,produces,0.6522
Hungarian,All,26,fürdőkád,23,understands,0
Hungarian,All,27,fürdőkád,26,produces,0.6538
Hungarian,All,27,fürdőkád,26,understands,0
Hungarian,All,28,fürdőkád,30,produces,0.7
Hungarian,All,28,fürdőkád,30,understands,0
Hungarian,All,29,fürdőkád,12,produces,0.75
Hungarian,All,29,fürdőkád,12,understands,0
Hungarian,All,30,fürdőkád,18,produces,0.7778
Hungarian,All,30,fürdőkád,18,understands,0
Italian,All,7,vasca da bagno,5,produces,0
Italian,All,7,vasca da bagno,5,understands,0.2
Italian,All,8,vasca da bagno,34,produces,0
Italian,All,8,vasca da bagno,34,understands,0.0588
Italian,All,9,vasca da bagno,38,produces,0
Italian,All,9,vasca da bagno,38,understands,0.0789
Italian,All,10,vasca da bagno,53,produces,0
Italian,All,10,vasca da bagno,53,understands,0.0189
Italian,All,11,vasca da bagno,42,produces,0
Italian,All,11,vasca da bagno,42,understands,0.2619
Italian,All,12,vasca da bagno,69,produces,0
Italian,All,12,vasca da bagno,69,understands,0.3478
Italian,All,13,vasca da bagno,48,produces,0
Italian,All,13,vasca da bagno,48,understands,0.3542
Italian,All,14,vasca da bagno,40,produces,0
Italian,All,14,vasca da bagno,40,understands,0.4
Italian,All,15,vasca da bagno,68,produces,0.0147
Italian,All,15,vasca da bagno,68,understands,0.4559
Italian,All,16,vasca da bagno,56,produces,0
Italian,All,16,vasca da bagno,56,understands,0.5
Italian,All,17,vasca da bagno,48,produces,0.0625
Italian,All,17,vasca da bagno,48,understands,0.4375
Italian,All,18,vasca da bagno,75,produces,0.04
Italian,All,18,vasca da bagno,75,understands,0.3067
Italian,All,19,vasca da bagno,58,produces,0.0517
Italian,All,19,vasca da bagno,58,understands,0.1724
Italian,All,20,vasca da bagno,83,produces,0.0723
Italian,All,20,vasca da bagno,83,understands,0.1566
Italian,All,21,vasca da bagno,67,produces,0.1493
Italian,All,21,vasca da bagno,67,understands,0.1493
Italian,All,22,vasca da bagno,77,produces,0.2987
Italian,All,22,vasca da bagno,77,understands,0.1169
Italian,All,23,vasca da bagno,70,produces,0.1714
Italian,All,23,vasca da bagno,70,understands,0.1714
Italian,All,24,vasca da bagno,85,produces,0.3176
Italian,All,24,vasca da bagno,85,understands,0.1529
Italian,All,25,vasca da bagno,39,produces,0.3846
Italian,All,25,vasca da bagno,39,understands,0
Italian,All,26,vasca da bagno,41,produces,0.4146
Italian,All,26,vasca da bagno,41,understands,0
Italian,All,27,vasca da bagno,43,produces,0.4651
Italian,All,27,vasca da bagno,43,understands,0
Italian,All,28,vasca da bagno,44,produces,0.6364
Italian,All,28,vasca da bagno,44,understands,0
Italian,All,29,vasca da bagno,37,produces,0.6216
Italian,All,29,vasca da bagno,37,understands,0
Italian,All,30,vasca da bagno,67,produces,0.6567
Italian,All,30,vasca da bagno,67,understands,0
Italian,All,31,vasca da bagno,19,produces,0.6842
Italian,All,31,vasca da bagno,19,understands,0
Italian,All,32,vasca da bagno,23,produces,0.6522
Italian,All,32,vasca da bagno,23,understands,0
Italian,All,33,vasca da bagno,16,produces,0.8125
Italian,All,33,vasca da bagno,16,understands,0
Italian,All,34,vasca da bagno,19,produces,0.8947
Italian,All,34,vasca da bagno,19,understands,0
Italian,All,35,vasca da bagno,15,produces,0.7333
Italian,All,35,vasca da bagno,15,understands,0
Italian,All,36,vasca da bagno,21,produces,0.8095
Italian,All,36,vasca da bagno,21,understands,0
Korean,All,18,목욕탕,88,produces,0.0909
Korean,All,18,목욕탕,88,understands,0
Korean,All,19,목욕탕,77,produces,0.0519
Korean,All,19,목욕탕,77,understands,0
Korean,All,20,목욕탕,88,produces,0.0795
Korean,All,20,목욕탕,88,understands,0
Korean,All,21,목욕탕,79,produces,0.1392
Korean,All,21,목욕탕,79,understands,0
Korean,All,22,목욕탕,87,produces,0.2644
Korean,All,22,목욕탕,87,understands,0
Korean,All,23,목욕탕,87,produces,0.1609
Korean,All,23,목욕탕,87,understands,0
Korean,All,24,목욕탕,107,produces,0.3084
Korean,All,24,목욕탕,107,understands,0
Korean,All,25,목욕탕,95,produces,0.4211
Korean,All,25,목욕탕,95,understands,0
Korean,All,26,목욕탕,91,produces,0.3846
Korean,All,26,목욕탕,91,understands,0
Korean,All,27,목욕탕,104,produces,0.5096
Korean,All,27,목욕탕,104,understands,0
Korean,All,28,목욕탕,89,produces,0.618
Korean,All,28,목욕탕,89,understands,0
Korean,All,29,목욕탕,101,produces,0.5446
Korean,All,29,목욕탕,101,understands,0
Korean,All,30,목욕탕,81,produces,0.5556
Korean,All,30,목욕탕,81,understands,0
Korean,All,31,목욕탕,79,produces,0.7468
Korean,All,31,목욕탕,79,understands,0
Korean,All,32,목욕탕,70,produces,0.7286
Korean,All,32,목욕탕,70,understands,0
Korean,All,33,목욕탕,79,produces,0.7468
Korean,All,33,목욕탕,79,understands,0
Korean,All,34,목욕탕,79,produces,0.7848
Korean,All,34,목욕탕,79,understands,0
Korean,All,35,목욕탕,74,produces,0.8514
Korean,All,35,목욕탕,74,understands,0
Korean,All,36,목욕탕,75,produces,0.8933
Korean,All,36,목욕탕,75,understands,0
Mandarin (Beijing),All,12,澡盆,45,produces,0
Mandarin (Beijing),All,12,澡盆,45,understands,0.4222
Mandarin (Beijing),All,13,澡盆,50,produces,0
Mandarin (Beijing),All,13,澡盆,50,understands,0.42
Mandarin (Beijing),All,14,澡盆,48,produces,0
Mandarin (Beijing),All,14,澡盆,48,understands,0.2708
Mandarin (Beijing),All,15,澡盆,46,produces,0
Mandarin (Beijing),All,15,澡盆,46,understands,0.3913
Mandarin (Beijing),All,16,澡盆,111,produces,0
Mandarin (Beijing),All,16,澡盆,111,understands,0.1171
Mandarin (Beijing),All,17,"澡盆, 浴缸",112,produces,0.0395
Mandarin (Beijing),All,17,"澡盆, 浴缸",112,understands,0
Mandarin (Beijing),All,18,"澡盆, 浴缸",121,produces,0.0351
Mandarin (Beijing),All,18,"澡盆, 浴缸",121,understands,0
Mandarin (Beijing),All,19,"澡盆, 浴缸",120,produces,0.1059
Mandarin (Beijing),All,19,"澡盆, 浴缸",120,understands,0
Mandarin (Beijing),All,20,"澡盆, 浴缸",121,produces,0.1404
Mandarin (Beijing),All,20,"澡盆, 浴缸",121,understands,0
Mandarin (Beijing),All,21,"澡盆, 浴缸",119,produces,0.2083
Mandarin (Beijing),All,21,"澡盆, 浴缸",119,understands,0
Mandarin (Beijing),All,22,"澡盆, 浴缸",117,produces,0.2761
Mandarin (Beijing),All,22,"澡盆, 浴缸",117,understands,0
Mandarin (Beijing),All,23,"澡盆, 浴缸",120,produces,0.4176
Mandarin (Beijing),All,23,"澡盆, 浴缸",120,understands,0
Mandarin (Beijing),All,24,"澡盆, 浴缸",120,produces,0.4059
Mandarin (Beijing),All,24,"澡盆, 浴缸",120,understands,0
Mandarin (Beijing),All,25,"澡盆, 浴缸",113,produces,0.5
Mandarin (Beijing),All,25,"澡盆, 浴缸",113,understands,0
Mandarin (Beijing),All,26,"澡盆, 浴缸",118,produces,0.4667
Mandarin (Beijing),All,26,"澡盆, 浴缸",118,understands,0
Mandarin (Beijing),All,27,"澡盆, 浴缸",114,produces,0.5633
Mandarin (Beijing),All,27,"澡盆, 浴缸",114,understands,0
Mandarin (Beijing),All,28,"澡盆, 浴缸",114,produces,0.5886
Mandarin (Beijing),All,28,"澡盆, 浴缸",114,understands,0
Mandarin (Beijing),All,29,"澡盆, 浴缸",119,produces,0.6667
Mandarin (Beijing),All,29,"澡盆, 浴缸",119,understands,0
Mandarin (Beijing),All,30,"澡盆, 浴缸",110,produces,0.6867
Mandarin (Beijing),All,30,"澡盆, 浴缸",110,understands,0
Mandarin (Taiwanese),All,16,浴缸,80,produces,0
Mandarin (Taiwanese),All,16,浴缸,80,understands,0
Mandarin (Taiwanese),All,17,浴缸,87,produces,0
Mandarin (Taiwanese),All,17,浴缸,87,understands,0
Mandarin (Taiwanese),All,18,浴缸,84,produces,0.0119
Mandarin (Taiwanese),All,18,浴缸,84,understands,0
Mandarin (Taiwanese),All,19,浴缸,84,produces,0.0119
Mandarin (Taiwanese),All,19,浴缸,84,understands,0
Mandarin (Taiwanese),All,20,浴缸,84,produces,0.0119
Mandarin (Taiwanese),All,20,浴缸,84,understands,0
Mandarin (Taiwanese),All,21,浴缸,88,produces,0.0455
Mandarin (Taiwanese),All,21,浴缸,88,understands,0
Mandarin (Taiwanese),All,22,浴缸,96,produces,0.0833
Mandarin (Taiwanese),All,22,浴缸,96,understands,0
Mandarin (Taiwanese),All,23,浴缸,105,produces,0.0952
Mandarin (Taiwanese),All,23,浴缸,105,understands,0
Mandarin (Taiwanese),All,24,浴缸,124,produces,0.1048
Mandarin (Taiwanese),All,24,浴缸,124,understands,0
Mandarin (Taiwanese),All,25,浴缸,110,produces,0.1636
Mandarin (Taiwanese),All,25,浴缸,110,understands,0
Mandarin (Taiwanese),All,26,浴缸,87,produces,0.1264
Mandarin (Taiwanese),All,26,浴缸,87,understands,0
Mandarin (Taiwanese),All,27,浴缸,92,produces,0.1957
Mandarin (Taiwanese),All,27,浴缸,92,understands,0
Mandarin (Taiwanese),All,28,浴缸,100,produces,0.35
Mandarin (Taiwanese),All,28,浴缸,100,understands,0
Mandarin (Taiwanese),All,29,浴缸,88,produces,0.3068
Mandarin (Taiwanese),All,29,浴缸,88,understands,0
Mandarin (Taiwanese),All,30,浴缸,94,produces,0.3298
Mandarin (Taiwanese),All,30,浴缸,94,understands,0
Mandarin (Taiwanese),All,31,浴缸,88,produces,0.4659
Mandarin (Taiwanese),All,31,浴缸,88,understands,0
Mandarin (Taiwanese),All,32,浴缸,82,produces,0.439
Mandarin (Taiwanese),All,32,浴缸,82,understands,0
Mandarin (Taiwanese),All,33,浴缸,85,produces,0.6
Mandarin (Taiwanese),All,33,浴缸,85,understands,0
Mandarin (Taiwanese),All,34,浴缸,77,produces,0.5325
Mandarin (Taiwanese),All,34,浴缸,77,understands,0
Mandarin (Taiwanese),All,35,浴缸,81,produces,0.5556
Mandarin (Taiwanese),All,35,浴缸,81,understands,0
Mandarin (Taiwanese),All,36,浴缸,81,produces,0.5679
Mandarin (Taiwanese),All,36,浴缸,81,understands,0
Norwegian,All,8,badekar,77,produces,0.026
Norwegian,All,8,badekar,77,understands,0.039
Norwegian,All,9,badekar,138,produces,0
Norwegian,All,9,badekar,138,understands,0.087
Norwegian,All,10,badekar,203,produces,0
Norwegian,All,10,badekar,203,understands,0.1478
Norwegian,All,11,badekar,241,produces,0.0041
Norwegian,All,11,badekar,241,understands,0.1618
Norwegian,All,12,badekar,221,produces,0
Norwegian,All,12,badekar,221,understands,0.2489
Norwegian,All,13,badekar,246,produces,0.0163
Norwegian,All,13,badekar,246,understands,0.3089
Norwegian,All,14,badekar,269,produces,0.026
Norwegian,All,14,badekar,269,understands,0.4126
Norwegian,All,15,badekar,239,produces,0.0335
Norwegian,All,15,badekar,239,understands,0.41
Norwegian,All,16,badekar,346,produces,0.0462
Norwegian,All,16,badekar,346,understands,0.3526
Norwegian,All,17,badekar,435,produces,0.0368
Norwegian,All,17,badekar,435,understands,0.2805
Norwegian,All,18,badekar,494,produces,0.0709
Norwegian,All,18,badekar,494,understands,0.2976
Norwegian,All,19,badekar,504,produces,0.1071
Norwegian,All,19,badekar,504,understands,0.3075
Norwegian,All,20,badekar,601,produces,0.1431
Norwegian,All,20,badekar,601,understands,0.3211
Norwegian,All,21,badekar,418,produces,0.1842
Norwegian,All,21,badekar,418,understands,0
Norwegian,All,22,badekar,596,produces,0.2416
Norwegian,All,22,badekar,596,understands,0
Norwegian,All,23,badekar,566,produces,0.3074
Norwegian,All,23,badekar,566,understands,0
Norwegian,All,24,badekar,538,produces,0.4257
Norwegian,All,24,badekar,538,understands,0
Norwegian,All,25,badekar,656,produces,0.5107
Norwegian,All,25,badekar,656,understands,0
Norwegian,All,26,badekar,644,produces,0.5994
Norwegian,All,26,badekar,644,understands,0
Norwegian,All,27,badekar,525,produces,0.6552
Norwegian,All,27,badekar,525,understands,0
Norwegian,All,28,badekar,544,produces,0.682
Norwegian,All,28,badekar,544,understands,0
Norwegian,All,29,badekar,536,produces,0.7425
Norwegian,All,29,badekar,536,understands,0
Norwegian,All,30,badekar,457,produces,0.7615
Norwegian,All,30,badekar,457,understands,0
Norwegian,All,31,badekar,479,produces,0.81
Norwegian,All,31,badekar,479,understands,0
Norwegian,All,32,badekar,451,produces,0.8714
Norwegian,All,32,badekar,451,understands,0
Norwegian,All,33,badekar,430,produces,0.8953
Norwegian,All,33,badekar,430,understands,0
Norwegian,All,34,badekar,424,produces,0.8939
Norwegian,All,34,badekar,424,understands,0
Norwegian,All,35,badekar,422,produces,0.9052
Norwegian,All,35,badekar,422,understands,0
Norwegian,All,36,badekar,329,produces,0.9058
Norwegian,All,36,badekar,329,understands,0
Russian,All,8,ванна,59,produces,0
Russian,All,8,ванна,59,understands,0.2034
Russian,All,9,ванна,42,produces,0
Russian,All,9,ванна,42,understands,0.2381
Russian,All,10,ванна,63,produces,0
Russian,All,10,ванна,63,understands,0.3651
Russian,All,11,ванна,71,produces,0
Russian,All,11,ванна,71,understands,0.4085
Russian,All,12,ванна,76,produces,0
Russian,All,12,ванна,76,understands,0.5921
Russian,All,13,ванна,73,produces,0.0137
Russian,All,13,ванна,73,understands,0.6027
Russian,All,14,ванна,79,produces,0.0127
Russian,All,14,ванна,79,understands,0.7595
Russian,All,15,ванна,81,produces,0.037
Russian,All,15,ванна,81,understands,0.8025
Russian,All,16,ванна,81,produces,0.0247
Russian,All,16,ванна,81,understands,0.8519
Russian,All,17,ванна,80,produces,0.1
Russian,All,17,ванна,80,understands,0.825
Russian,All,18,ванна,105,produces,0.0476
Russian,All,18,ванна,105,understands,0.5524
Russian,All,19,ванна,41,produces,0.0976
Russian,All,19,ванна,41,understands,0
Russian,All,20,ванна,45,produces,0.2
Russian,All,20,ванна,45,understands,0
Russian,All,21,ванна,43,produces,0.3256
Russian,All,21,ванна,43,understands,0
Russian,All,22,ванна,51,produces,0.451
Russian,All,22,ванна,51,understands,0
Russian,All,23,ванна,56,produces,0.4107
Russian,All,23,ванна,56,understands,0
Russian,All,24,ванна,61,produces,0.4918
Russian,All,24,ванна,61,understands,0
Russian,All,25,ванна,66,produces,0.5152
Russian,All,25,ванна,66,understands,0
Russian,All,26,ванна,52,produces,0.5385
Russian,All,26,ванна,52,understands,0
Russian,All,27,ванна,60,produces,0.6667
Russian,All,27,ванна,60,understands,0
Russian,All,28,ванна,60,produces,0.7667
Russian,All,28,ванна,60,understands,0
Russian,All,29,ванна,58,produces,0.7931
Russian,All,29,ванна,58,understands,0
Russian,All,30,ванна,77,produces,0.7403
Russian,All,30,ванна,77,understands,0
Russian,All,31,ванна,61,produces,0.8689
Russian,All,31,ванна,61,understands,0
Russian,All,32,ванна,55,produces,0.8
Russian,All,32,ванна,55,understands,0
Russian,All,33,ванна,55,produces,0.8909
Russian,All,33,ванна,55,understands,0
Russian,All,34,ванна,58,produces,0.931
Russian,All,34,ванна,58,understands,0
Russian,All,35,ванна,47,produces,0.8723
Russian,All,35,ванна,47,understands,0
Russian,All,36,ванна,49,produces,0.9184
Russian,All,36,ванна,49,understands,0
Slovak,All,17,vaňa,70,produces,0.0571
Slovak,All,17,vaňa,70,understands,0
Slovak,All,18,vaňa,65,produces,0.1538
Slovak,All,18,vaňa,65,understands,0
Slovak,All,19,vaňa,56,produces,0.1429
Slovak,All,19,vaňa,56,understands,0
Slovak,All,20,vaňa,62,produces,0.2903
Slovak,All,20,vaňa,62,understands,0
Slovak,All,21,vaňa,81,produces,0.3704
Slovak,All,21,vaňa,81,understands,0
Slovak,All,22,vaňa,53,produces,0.3962
Slovak,All,22,vaňa,53,understands,0
Slovak,All,23,vaňa,59,produces,0.4576
Slovak,All,23,vaňa,59,understands,0
Slovak,All,24,vaňa,59,produces,0.5932
Slovak,All,24,vaňa,59,understands,0
Slovak,All,25,vaňa,69,produces,0.6087
Slovak,All,25,vaňa,69,understands,0
Slovak,All,26,vaňa,78,produces,0.7821
Slovak,All,26,vaňa,78,understands,0
Slovak,All,27,vaňa,62,produces,0.8065
Slovak,All,27,vaňa,62,understands,0
Slovak,All,28,vaňa,86,produces,0.7558
Slovak,All,28,vaňa,86,understands,0
Slovak,All,29,vaňa,75,produces,0.8133
Slovak,All,29,vaňa,75,understands,0
Slovak,All,30,vaňa,49,produces,0.7959
Slovak,All,30,vaňa,49,understands,0
Slovak,All,31,vaňa,29,produces,0.7586
Slovak,All,31,vaňa,29,understands,0
Slovak,All,32,vaňa,25,produces,0.96
Slovak,All,32,vaňa,25,understands,0
Slovak,All,33,vaňa,22,produces,0.9091
Slovak,All,33,vaňa,22,understands,0
Slovak,All,34,vaňa,27,produces,0.7778
Slovak,All,34,vaňa,27,understands,0
Slovak,All,35,vaňa,27,produces,0.8519
Slovak,All,35,vaňa,27,understands,0
Slovak,All,36,vaňa,8,produces,0.875
Slovak,All,36,vaňa,8,understands,0
Spanish (Argentinian),All,16,bañadera,47,produces,0.0851
Spanish (Argentinian),All,16,bañadera,47,understands,0
Spanish (Argentinian),All,17,bañadera,49,produces,0.0408
Spanish (Argentinian),All,17,bañadera,49,understands,0
Spanish (Argentinian),All,18,bañadera,62,produces,0.0484
Spanish (Argentinian),All,18,bañadera,62,understands,0
Spanish (Argentinian),All,19,bañadera,44,produces,0.0909
Spanish (Argentinian),All,19,bañadera,44,understands,0
Spanish (Argentinian),All,20,bañadera,46,produces,0.087
Spanish (Argentinian),All,20,bañadera,46,understands,0
Spanish (Argentinian),All,21,bañadera,41,produces,0.0732
Spanish (Argentinian),All,21,bañadera,41,understands,0
Spanish (Argentinian),All,22,bañadera,57,produces,0.1754
Spanish (Argentinian),All,22,bañadera,57,understands,0
Spanish (Argentinian),All,23,bañadera,49,produces,0.1837
Spanish (Argentinian),All,23,bañadera,49,understands,0
Spanish (Argentinian),All,24,bañadera,75,produces,0.2533
Spanish (Argentinian),All,24,bañadera,75,understands,0
Spanish (Argentinian),All,25,bañadera,43,produces,0.3256
Spanish (Argentinian),All,25,bañadera,43,understands,0
Spanish (Argentinian),All,26,bañadera,45,produces,0.2444
Spanish (Argentinian),All,26,bañadera,45,understands,0
Spanish (Argentinian),All,27,bañadera,44,produces,0.2955
Spanish (Argentinian),All,27,bañadera,44,understands,0
Spanish (Argentinian),All,28,bañadera,42,produces,0.2619
Spanish (Argentinian),All,28,bañadera,42,understands,0
Spanish (Argentinian),All,29,bañadera,65,produces,0.3846
Spanish (Argentinian),All,29,bañadera,65,understands,0
Spanish (Argentinian),All,30,bañadera,69,produces,0.4928
Spanish (Argentinian),All,30,bañadera,69,understands,0
Spanish (Argentinian),All,31,bañadera,2,produces,0
Spanish (Argentinian),All,31,bañadera,2,understands,0
Spanish (Argentinian),All,32,bañadera,1,produces,1
Spanish (Argentinian),All,32,bañadera,1,understands,0
Spanish (Argentinian),All,33,bañadera,2,produces,0
Spanish (Argentinian),All,33,bañadera,2,understands,0
Spanish (Chilean),All,8,tina,9,produces,0
Spanish (Chilean),All,8,tina,9,understands,0.1111
Spanish (Chilean),All,9,tina,4,produces,0
Spanish (Chilean),All,9,tina,4,understands,0
Spanish (Chilean),All,10,tina,9,produces,0
Spanish (Chilean),All,10,tina,9,understands,0.3333
Spanish (Chilean),All,11,tina,8,produces,0
Spanish (Chilean),All,11,tina,8,understands,0.25
Spanish (Chilean),All,12,tina,5,produces,0
Spanish (Chilean),All,12,tina,5,understands,0.2
Spanish (Chilean),All,13,tina,4,produces,0
Spanish (Chilean),All,13,tina,4,understands,0.25
Spanish (Chilean),All,14,tina,6,produces,0
Spanish (Chilean),All,14,tina,6,understands,0.5
Spanish (Chilean),All,15,tina,5,produces,0
Spanish (Chilean),All,15,tina,5,understands,0.4
Spanish (European),All,8,bañera,52,produces,0
Spanish (European),All,8,bañera,52,understands,0.2308
Spanish (European),All,9,bañera,45,produces,0
Spanish (European),All,9,bañera,45,understands,0.2889
Spanish (European),All,10,bañera,49,produces,0
Spanish (European),All,10,bañera,49,understands,0.2857
Spanish (European),All,11,bañera,36,produces,0
Spanish (European),All,11,bañera,36,understands,0.5
Spanish (European),All,12,bañera,52,produces,0.0192
Spanish (European),All,12,bañera,52,understands,0.5
Spanish (European),All,13,bañera,58,produces,0.0172
Spanish (European),All,13,bañera,58,understands,0.5862
Spanish (European),All,14,bañera,55,produces,0.0182
Spanish (European),All,14,bañera,55,understands,0.6364
Spanish (European),All,15,bañera,65,produces,0.0154
Spanish (European),All,15,bañera,65,understands,0.7077
Spanish (European),All,16,bañera,39,produces,0.0513
Spanish (European),All,16,bañera,39,understands,0
Spanish (European),All,17,bañera,39,produces,0.0769
Spanish (European),All,17,bañera,39,understands,0
Spanish (European),All,18,bañera,50,produces,0.04
Spanish (European),All,18,bañera,50,understands,0
Spanish (European),All,19,bañera,27,produces,0.1111
Spanish (European),All,19,bañera,27,understands,0
Spanish (European),All,20,bañera,36,produces,0.1944
Spanish (European),All,20,bañera,36,understands,0
Spanish (European),All,21,bañera,41,produces,0.4634
Spanish (European),All,21,bañera,41,understands,0
Spanish (European),All,22,bañera,38,produces,0.3684
Spanish (European),All,22,bañera,38,understands,0
Spanish (European),All,23,bañera,30,produces,0.4667
Spanish (European),All,23,bañera,30,understands,0
Spanish (European),All,24,bañera,55,produces,0.6
Spanish (European),All,24,bañera,55,understands,0
Spanish (European),All,25,bañera,35,produces,0.6286
Spanish (European),All,25,bañera,35,understands,0
Spanish (European),All,26,bañera,49,produces,0.7959
Spanish (European),All,26,bañera,49,understands,0
Spanish (European),All,27,bañera,34,produces,0.8235
Spanish (European),All,27,bañera,34,understands,0
Spanish (European),All,28,bañera,38,produces,0.7105
Spanish (European),All,28,bañera,38,understands,0
Spanish (European),All,29,bañera,41,produces,0.9268
Spanish (European),All,29,bañera,41,understands,0
Spanish (European),All,30,bañera,41,produces,0.7561
Spanish (European),All,30,bañera,41,understands,0
Spanish (Mexican),All,8,tina,40,produces,0
Spanish (Mexican),All,8,tina,40,understands,0.375
Spanish (Mexican),All,9,tina,64,produces,0
Spanish (Mexican),All,9,tina,64,understands,0.3281
Spanish (Mexican),All,10,tina,71,produces,0
Spanish (Mexican),All,10,tina,71,understands,0.0986
Spanish (Mexican),All,11,tina,67,produces,0
Spanish (Mexican),All,11,tina,67,understands,0.2239
Spanish (Mexican),All,12,tina,89,produces,0.0112
Spanish (Mexican),All,12,tina,89,understands,0.3034
Spanish (Mexican),All,13,tina,83,produces,0.0241
Spanish (Mexican),All,13,tina,83,understands,0.3855
Spanish (Mexican),All,14,tina,76,produces,0.0526
Spanish (Mexican),All,14,tina,76,understands,0.3421
Spanish (Mexican),All,15,tina,61,produces,0.0164
Spanish (Mexican),All,15,tina,61,understands,0.4754
Spanish (Mexican),All,16,tina,152,produces,0.1447
Spanish (Mexican),All,16,tina,152,understands,0.2961
Spanish (Mexican),All,17,tina,124,produces,0.1935
Spanish (Mexican),All,17,tina,124,understands,0.3629
Spanish (Mexican),All,18,tina,163,produces,0.2025
Spanish (Mexican),All,18,tina,163,understands,0.362
Spanish (Mexican),All,19,tina,100,produces,0.25
Spanish (Mexican),All,19,tina,100,understands,0
Spanish (Mexican),All,20,tina,107,produces,0.3271
Spanish (Mexican),All,20,tina,107,understands,0
Spanish (Mexican),All,21,tina,84,produces,0.2976
Spanish (Mexican),All,21,tina,84,understands,0
Spanish (Mexican),All,22,tina,141,produces,0.2695
Spanish (Mexican),All,22,tina,141,understands,0
Spanish (Mexican),All,23,tina,91,produces,0.3077
Spanish (Mexican),All,23,tina,91,understands,0
Spanish (Mexican),All,24,tina,126,produces,0.4444
Spanish (Mexican),All,24,tina,126,understands,0
Spanish (Mexican),All,25,tina,177,produces,0.2994
Spanish (Mexican),All,25,tina,177,understands,0
Spanish (Mexican),All,26,tina,83,produces,0.3976
Spanish (Mexican),All,26,tina,83,understands,0
Spanish (Mexican),All,27,tina,85,produces,0.6118
Spanish (Mexican),All,27,tina,85,understands,0
Spanish (Mexican),All,28,tina,89,produces,0.6854
Spanish (Mexican),All,28,tina,89,understands,0
Spanish (Mexican),All,29,tina,89,produces,0.6966
Spanish (Mexican),All,29,tina,89,understands,0
Spanish (Mexican),All,30,tina,308,produces,0.3084
Spanish (Mexican),All,30,tina,308,understands,0
Spanish (Peruvian),All,8,tina,9,produces,0
Spanish (Peruvian),All,8,tina,9,understands,0.2222
Spanish (Peruvian),All,9,tina,12,produces,0
Spanish (Peruvian),All,9,tina,12,understands,0.3333
Spanish (Peruvian),All,10,tina,7,produces,0
Spanish (Peruvian),All,10,tina,7,understands,0.4286
Spanish (Peruvian),All,11,tina,18,produces,0
Spanish (Peruvian),All,11,tina,18,understands,0.3333
Spanish (Peruvian),All,12,tina,14,produces,0
Spanish (Peruvian),All,12,tina,14,understands,0.3571
Spanish (Peruvian),All,13,tina,9,produces,0
Spanish (Peruvian),All,13,tina,9,understands,0.3333
Spanish (Peruvian),All,14,tina,8,produces,0
Spanish (Peruvian),All,14,tina,8,understands,0.625
Spanish (Peruvian),All,15,tina,10,produces,0
Spanish (Peruvian),All,15,tina,10,understands,0.4
Spanish (Peruvian),All,16,tina,13,produces,0
Spanish (Peruvian),All,16,tina,13,understands,0
Spanish (Peruvian),All,17,tina,9,produces,0.1111
Spanish (Peruvian),All,17,tina,9,understands,0
Spanish (Peruvian),All,18,tina,4,produces,0
Spanish (Peruvian),All,18,tina,4,understands,0
Spanish (Peruvian),All,19,tina,12,produces,0.0833
Spanish (Peruvian),All,19,tina,12,understands,0
Spanish (Peruvian),All,20,tina,1,produces,0
Spanish (Peruvian),All,20,tina,1,understands,0
Spanish (Peruvian),All,21,tina,5,produces,0.2
Spanish (Peruvian),All,21,tina,5,understands,0
Spanish (Peruvian),All,22,tina,9,produces,0.1111
Spanish (Peruvian),All,22,tina,9,understands,0
Spanish (Peruvian),All,23,tina,1,produces,1
Spanish (Peruvian),All,23,tina,1,understands,0
Spanish (Peruvian),All,24,tina,15,produces,0.1333
Spanish (Peruvian),All,24,tina,15,understands,0
Spanish (Peruvian),All,25,tina,5,produces,0
Spanish (Peruvian),All,25,tina,5,understands,0
Spanish (Peruvian),All,26,tina,8,produces,0.125
Spanish (Peruvian),All,26,tina,8,understands,0
Spanish (Peruvian),All,27,tina,7,produces,0.1429
Spanish (Peruvian),All,27,tina,7,understands,0
Spanish (Peruvian),All,28,tina,8,produces,0.5
Spanish (Peruvian),All,28,tina,8,understands,0
Spanish (Peruvian),All,29,tina,6,produces,0.5
Spanish (Peruvian),All,29,tina,6,understands,0
Spanish (Peruvian),All,30,tina,2,produces,0.5
Spanish (Peruvian),All,30,tina,2,understands,0
Swedish,All,8,badkar,26,produces,0
Swedish,All,8,badkar,26,understands,0
Swedish,All,9,badkar,2,produces,0
Swedish,All,9,badkar,2,understands,0.5
Swedish,All,10,badkar,54,produces,0
Swedish,All,10,badkar,54,understands,0.0741
Swedish,All,11,badkar,3,produces,0
Swedish,All,11,badkar,3,understands,0
Swedish,All,12,badkar,79,produces,0
Swedish,All,12,badkar,79,understands,0.1899
Swedish,All,13,badkar,7,produces,0
Swedish,All,13,badkar,7,understands,0
Swedish,All,14,badkar,124,produces,0
Swedish,All,14,badkar,124,understands,0.4113
Swedish,All,15,badkar,13,produces,0
Swedish,All,15,badkar,13,understands,0.4615
Swedish,All,16,badkar,318,produces,0.0189
Swedish,All,16,badkar,318,understands,0.2862
Swedish,All,19,badkar,152,produces,0.0461
Swedish,All,19,badkar,152,understands,0
Swedish,All,22,badkar,307,produces,0.1498
Swedish,All,22,badkar,307,understands,0
Swedish,All,25,badkar,143,produces,0.3077
Swedish,All,25,badkar,143,understands,0
Swedish,All,28,badkar,139,produces,0.518
Swedish,All,28,badkar,139,understands,0
American Sign Language,Male,8,BATHTUB,1,produces,0
American Sign Language,Male,8,BATHTUB,1,understands,0
American Sign Language,Female,10,BATHTUB,2,produces,0
American Sign Language,Female,10,BATHTUB,2,understands,0
American Sign Language,Male,10,BATHTUB,1,produces,0
American Sign Language,Male,10,BATHTUB,1,understands,0
American Sign Language,Female,11,BATHTUB,1,produces,0
American Sign Language,Female,11,BATHTUB,1,understands,0
American Sign Language,Female,12,BATHTUB,1,produces,0
American Sign Language,Female,12,BATHTUB,1,understands,0
American Sign Language,Male,12,BATHTUB,1,produces,0
American Sign Language,Male,12,BATHTUB,1,understands,0
American Sign Language,Female,13,BATHTUB,3,produces,0
American Sign Language,Female,13,BATHTUB,3,understands,0
American Sign Language,Male,13,BATHTUB,1,produces,0
American Sign Language,Male,13,BATHTUB,1,understands,0
American Sign Language,Female,14,BATHTUB,1,produces,1
American Sign Language,Female,14,BATHTUB,1,understands,0
American Sign Language,Female,15,BATHTUB,1,produces,0
American Sign Language,Female,15,BATHTUB,1,understands,0
American Sign Language,Male,15,BATHTUB,1,produces,0
American Sign Language,Male,15,BATHTUB,1,understands,0
American Sign Language,Female,17,BATHTUB,1,produces,0
American Sign Language,Female,17,BATHTUB,1,understands,0
American Sign Language,Male,17,BATHTUB,1,produces,0
American Sign Language,Male,17,BATHTUB,1,understands,0
American Sign Language,Female,18,BATHTUB,1,produces,1
American Sign Language,Female,18,BATHTUB,1,understands,0
American Sign Language,Male,18,BATHTUB,3,produces,0.3333
American Sign Language,Male,18,BATHTUB,3,understands,0.3333
American Sign Language,Male,19,BATHTUB,1,produces,0
American Sign Language,Male,19,BATHTUB,1,understands,0
American Sign Language,Male,20,BATHTUB,1,produces,1
American Sign Language,Male,20,BATHTUB,1,understands,0
American Sign Language,Female,21,BATHTUB,1,produces,1
American Sign Language,Female,21,BATHTUB,1,understands,1
American Sign Language,Male,21,BATHTUB,1,produces,0
American Sign Language,Male,21,BATHTUB,1,understands,0
American Sign Language,Female,22,BATHTUB,1,produces,1
American Sign Language,Female,22,BATHTUB,1,understands,0
American Sign Language,Male,22,BATHTUB,1,produces,0
American Sign Language,Male,22,BATHTUB,1,understands,0
American Sign Language,Female,23,BATHTUB,2,produces,1
American Sign Language,Female,23,BATHTUB,2,understands,0
American Sign Language,Male,23,BATHTUB,1,produces,0
American Sign Language,Male,23,BATHTUB,1,understands,0
American Sign Language,Female,24,BATHTUB,1,produces,0
American Sign Language,Female,24,BATHTUB,1,understands,0
American Sign Language,Male,24,BATHTUB,2,produces,0
American Sign Language,Male,24,BATHTUB,2,understands,0
American Sign Language,Female,25,BATHTUB,2,produces,0.5
American Sign Language,Female,25,BATHTUB,2,understands,0
American Sign Language,Male,27,BATHTUB,2,produces,0.5
American Sign Language,Male,27,BATHTUB,2,understands,0
American Sign Language,Female,28,BATHTUB,2,produces,1
American Sign Language,Female,28,BATHTUB,2,understands,0.5
American Sign Language,Male,28,BATHTUB,2,produces,0
American Sign Language,Male,28,BATHTUB,2,understands,0
American Sign Language,Female,30,BATHTUB,1,produces,1
American Sign Language,Female,30,BATHTUB,1,understands,0
American Sign Language,Male,30,BATHTUB,2,produces,1
American Sign Language,Male,30,BATHTUB,2,understands,0
American Sign Language,Female,31,BATHTUB,3,produces,0.6667
American Sign Language,Female,31,BATHTUB,3,understands,0
American Sign Language,Female,32,BATHTUB,1,produces,1
American Sign Language,Female,32,BATHTUB,1,understands,0
American Sign Language,Male,32,BATHTUB,7,produces,1
American Sign Language,Male,32,BATHTUB,7,understands,0.1429
American Sign Language,Male,33,BATHTUB,2,produces,1
American Sign Language,Male,33,BATHTUB,2,understands,0.5
American Sign Language,Female,34,BATHTUB,1,produces,1
American Sign Language,Female,34,BATHTUB,1,understands,0
American Sign Language,Male,34,BATHTUB,1,produces,1
American Sign Language,Male,34,BATHTUB,1,understands,0
American Sign Language,Female,35,BATHTUB,2,produces,1
American Sign Language,Female,35,BATHTUB,2,understands,0
American Sign Language,Male,35,BATHTUB,1,produces,0
American Sign Language,Male,35,BATHTUB,1,understands,0
Arabic (Saudi),Female,8,بانيو,13,produces,0
Arabic (Saudi),Female,8,بانيو,13,understands,0.1538
Arabic (Saudi),Male,8,بانيو,11,produces,0
Arabic (Saudi),Male,8,بانيو,11,understands,0
Arabic (Saudi),Female,9,بانيو,14,produces,0
Arabic (Saudi),Female,9,بانيو,14,understands,0
Arabic (Saudi),Male,9,بانيو,13,produces,0
Arabic (Saudi),Male,9,بانيو,13,understands,0
Arabic (Saudi),Female,10,بانيو,15,produces,0
Arabic (Saudi),Female,10,بانيو,15,understands,0.0667
Arabic (Saudi),Male,10,بانيو,20,produces,0
Arabic (Saudi),Male,10,بانيو,20,understands,0.1
Arabic (Saudi),Female,11,بانيو,14,produces,0
Arabic (Saudi),Female,11,بانيو,14,understands,0
Arabic (Saudi),Male,11,بانيو,16,produces,0.125
Arabic (Saudi),Male,11,بانيو,16,understands,0.0625
Arabic (Saudi),Female,12,بانيو,14,produces,0
Arabic (Saudi),Female,12,بانيو,14,understands,0
Arabic (Saudi),Male,12,بانيو,16,produces,0.0625
Arabic (Saudi),Male,12,بانيو,16,understands,0.125
Arabic (Saudi),Female,13,بانيو,17,produces,0
Arabic (Saudi),Female,13,بانيو,17,understands,0
Arabic (Saudi),Male,13,بانيو,22,produces,0
Arabic (Saudi),Male,13,بانيو,22,understands,0
Arabic (Saudi),Female,14,بانيو,10,produces,0
Arabic (Saudi),Female,14,بانيو,10,understands,0
Arabic (Saudi),Male,14,بانيو,15,produces,0
Arabic (Saudi),Male,14,بانيو,15,understands,0
Arabic (Saudi),Female,15,بانيو,12,produces,0
Arabic (Saudi),Female,15,بانيو,12,understands,0.0833
Arabic (Saudi),Male,15,بانيو,15,produces,0.0667
Arabic (Saudi),Male,15,بانيو,15,understands,0.0667
Arabic (Saudi),Female,16,بانيو,10,produces,0
Arabic (Saudi),Female,16,بانيو,10,understands,0.1
Arabic (Saudi),Male,16,بانيو,11,produces,0
Arabic (Saudi),Male,16,بانيو,11,understands,0
Cantonese,Female,16,沖涼缸/浴缸,23,produces,0
Cantonese,Female,16,沖涼缸/浴缸,23,understands,0
Cantonese,Male,16,沖涼缸/浴缸,23,produces,0
Cantonese,Male,16,沖涼缸/浴缸,23,understands,0
Cantonese,Female,17,沖涼缸/浴缸,30,produces,0
Cantonese,Female,17,沖涼缸/浴缸,30,understands,0
Cantonese,Male,17,沖涼缸/浴缸,31,produces,0
Cantonese,Male,17,沖涼缸/浴缸,31,understands,0
Cantonese,Female,18,沖涼缸/浴缸,33,produces,0
Cantonese,Female,18,沖涼缸/浴缸,33,understands,0
Cantonese,Male,18,沖涼缸/浴缸,35,produces,0
Cantonese,Male,18,沖涼缸/浴缸,35,understands,0
Cantonese,Female,19,沖涼缸/浴缸,30,produces,0
Cantonese,Female,19,沖涼缸/浴缸,30,understands,0
Cantonese,Male,19,沖涼缸/浴缸,36,produces,0
Cantonese,Male,19,沖涼缸/浴缸,36,understands,0
Cantonese,Female,20,沖涼缸/浴缸,62,produces,0.0161
Cantonese,Female,20,沖涼缸/浴缸,62,understands,0
Cantonese,Male,20,沖涼缸/浴缸,78,produces,0.0256
Cantonese,Male,20,沖涼缸/浴缸,78,understands,0
Cantonese,Female,21,沖涼缸/浴缸,57,produces,0
Cantonese,Female,21,沖涼缸/浴缸,57,understands,0
Cantonese,Male,21,沖涼缸/浴缸,63,produces,0.0317
Cantonese,Male,21,沖涼缸/浴缸,63,understands,0
Cantonese,Female,22,沖涼缸/浴缸,34,produces,0.0294
Cantonese,Female,22,沖涼缸/浴缸,34,understands,0
Cantonese,Male,22,沖涼缸/浴缸,34,produces,0
Cantonese,Male,22,沖涼缸/浴缸,34,understands,0
Cantonese,Female,23,沖涼缸/浴缸,37,produces,0.1351
Cantonese,Female,23,沖涼缸/浴缸,37,understands,0
Cantonese,Male,23,沖涼缸/浴缸,37,produces,0.027
Cantonese,Male,23,沖涼缸/浴缸,37,understands,0
Cantonese,Female,24,沖涼缸/浴缸,32,produces,0.0625
Cantonese,Female,24,沖涼缸/浴缸,32,understands,0
Cantonese,Male,24,沖涼缸/浴缸,36,produces,0
Cantonese,Male,24,沖涼缸/浴缸,36,understands,0
Cantonese,Female,25,沖涼缸/浴缸,31,produces,0.0968
Cantonese,Female,25,沖涼缸/浴缸,31,understands,0
Cantonese,Male,25,沖涼缸/浴缸,34,produces,0.0588
Cantonese,Male,25,沖涼缸/浴缸,34,understands,0
Cantonese,Female,26,沖涼缸/浴缸,31,produces,0.1613
Cantonese,Female,26,沖涼缸/浴缸,31,understands,0
Cantonese,Male,26,沖涼缸/浴缸,37,produces,0.1622
Cantonese,Male,26,沖涼缸/浴缸,37,understands,0
Cantonese,Female,27,沖涼缸/浴缸,31,produces,0.1613
Cantonese,Female,27,沖涼缸/浴缸,31,understands,0
Cantonese,Male,27,沖涼缸/浴缸,31,produces,0.1613
Cantonese,Male,27,沖涼缸/浴缸,31,understands,0
Cantonese,Female,28,沖涼缸/浴缸,32,produces,0.4062
Cantonese,Female,28,沖涼缸/浴缸,32,understands,0
Cantonese,Male,28,沖涼缸/浴缸,34,produces,0.1471
Cantonese,Male,28,沖涼缸/浴缸,34,understands,0
Cantonese,Female,29,沖涼缸/浴缸,36,produces,0.3333
Cantonese,Female,29,沖涼缸/浴缸,36,understands,0
Cantonese,Male,29,沖涼缸/浴缸,36,produces,0.2222
Cantonese,Male,29,沖涼缸/浴缸,36,understands,0
Cantonese,Female,30,沖涼缸/浴缸,76,produces,0.4211
Cantonese,Female,30,沖涼缸/浴缸,76,understands,0
Cantonese,Male,30,沖涼缸/浴缸,88,produces,0.3068
Cantonese,Male,30,沖涼缸/浴缸,88,understands,0
Catalan,Female,8,banyera,17,produces,0
Catalan,Female,8,banyera,17,understands,0.1765
Catalan,Male,8,banyera,22,produces,0
Catalan,Male,8,banyera,22,understands,0.1818
Catalan,Female,9,banyera,19,produces,0
Catalan,Female,9,banyera,19,understands,0.2105
Catalan,Male,9,banyera,27,produces,0
Catalan,Male,9,banyera,27,understands,0.1852
Catalan,Female,10,banyera,23,produces,0
Catalan,Female,10,banyera,23,understands,0.2609
Catalan,Male,10,banyera,20,produces,0
Catalan,Male,10,banyera,20,understands,0.2
Catalan,Female,11,banyera,23,produces,0
Catalan,Female,11,banyera,23,understands,0.3913
Catalan,Male,11,banyera,20,produces,0
Catalan,Male,11,banyera,20,understands,0.25
Catalan,Female,12,banyera,29,produces,0
Catalan,Female,12,banyera,29,understands,0.4138
Catalan,Male,12,banyera,30,produces,0
Catalan,Male,12,banyera,30,understands,0.3667
Catalan,Female,13,banyera,18,produces,0.0556
Catalan,Female,13,banyera,18,understands,0.5556
Catalan,Male,13,banyera,26,produces,0.0385
Catalan,Male,13,banyera,26,understands,0.4615
Catalan,Female,14,banyera,31,produces,0
Catalan,Female,14,banyera,31,understands,0.7742
Catalan,Male,14,banyera,29,produces,0
Catalan,Male,14,banyera,29,understands,0.6207
Catalan,Female,15,banyera,35,produces,0.0286
Catalan,Female,15,banyera,35,understands,0.7143
Catalan,Male,15,banyera,35,produces,0
Catalan,Male,15,banyera,35,understands,0.7429
Catalan,Female,16,banyera,33,produces,0
Catalan,Female,16,banyera,33,understands,0.6667
Catalan,Male,16,banyera,40,produces,0
Catalan,Male,16,banyera,40,understands,0.45
Catalan,Female,17,banyera,64,produces,0.0469
Catalan,Female,17,banyera,64,understands,0.5156
Catalan,Male,17,banyera,46,produces,0.0652
Catalan,Male,17,banyera,46,understands,0.6304
Catalan,Female,18,banyera,47,produces,0.1277
Catalan,Female,18,banyera,47,understands,0.4894
Catalan,Male,18,banyera,55,produces,0.0909
Catalan,Male,18,banyera,55,understands,0.4182
Catalan,Female,19,banyera,25,produces,0.04
Catalan,Female,19,banyera,25,understands,0
Catalan,Male,19,banyera,20,produces,0.2
Catalan,Male,19,banyera,20,understands,0
Catalan,Female,20,banyera,28,produces,0.2143
Catalan,Female,20,banyera,28,understands,0
Catalan,Male,20,banyera,28,produces,0.1429
Catalan,Male,20,banyera,28,understands,0
Catalan,Female,21,banyera,32,produces,0.3438
Catalan,Female,21,banyera,32,understands,0
Catalan,Male,21,banyera,26,produces,0.1923
Catalan,Male,21,banyera,26,understands,0
Catalan,Female,22,banyera,26,produces,0.4615
Catalan,Female,22,banyera,26,understands,0
Catalan,Male,22,banyera,24,produces,0.25
Catalan,Male,22,banyera,24,understands,0
Catalan,Female,23,banyera,35,produces,0.5143
Catalan,Female,23,banyera,35,understands,0
Catalan,Male,23,banyera,31,produces,0.3548
Catalan,Male,23,banyera,31,understands,0
Catalan,Female,24,banyera,41,produces,0.7805
Catalan,Female,24,banyera,41,understands,0
Catalan,Male,24,banyera,38,produces,0.5526
Catalan,Male,24,banyera,38,understands,0
Catalan,Female,25,banyera,30,produces,0.8
Catalan,Female,25,banyera,30,understands,0
Catalan,Male,25,banyera,30,produces,0.6
Catalan,Male,25,banyera,30,understands,0
Catalan,Female,26,banyera,35,produces,0.7143
Catalan,Female,26,banyera,35,understands,0
Catalan,Male,26,banyera,30,produces,0.7667
Catalan,Male,26,banyera,30,understands,0
Catalan,Female,27,banyera,36,produces,0.8333
Catalan,Female,27,banyera,36,understands,0
Catalan,Male,27,banyera,27,produces,0.8148
Catalan,Male,27,banyera,27,understands,0
Catalan,Female,28,banyera,40,produces,0.85
Catalan,Female,28,banyera,40,understands,0
Catalan,Male,28,banyera,41,produces,0.6829
Catalan,Male,28,banyera,41,understands,0
Catalan,Female,29,banyera,25,produces,0.84
Catalan,Female,29,banyera,25,understands,0
Catalan,Male,29,banyera,25,produces,0.92
Catalan,Male,29,banyera,25,understands,0
Catalan,Female,30,banyera,24,produces,0.9167
Catalan,Female,30,banyera,24,understands,0
Catalan,Male,30,banyera,51,produces,0.8627
Catalan,Male,30,banyera,51,understands,0
Croatian,Female,8,kada,9,produces,0
Croatian,Female,8,kada,9,understands,0.1111
Croatian,Male,8,kada,14,produces,0
Croatian,Male,8,kada,14,understands,0
Croatian,Female,9,kada,16,produces,0
Croatian,Female,9,kada,16,understands,0.1875
Croatian,Male,9,kada,9,produces,0
Croatian,Male,9,kada,9,understands,0
Croatian,Female,10,kada,10,produces,0
Croatian,Female,10,kada,10,understands,0.1
Croatian,Male,10,kada,12,produces,0
Croatian,Male,10,kada,12,understands,0.1667
Croatian,Female,11,kada,11,produces,0
Croatian,Female,11,kada,11,understands,0.2727
Croatian,Male,11,kada,14,produces,0
Croatian,Male,11,kada,14,understands,0.2857
Croatian,Female,12,kada,14,produces,0
Croatian,Female,12,kada,14,understands,0.2143
Croatian,Male,12,kada,21,produces,0
Croatian,Male,12,kada,21,understands,0.1905
Croatian,Female,13,kada,15,produces,0
Croatian,Female,13,kada,15,understands,0.4
Croatian,Male,13,kada,19,produces,0
Croatian,Male,13,kada,19,understands,0.3684
Croatian,Female,14,kada,14,produces,0
Croatian,Female,14,kada,14,understands,0.3571
Croatian,Male,14,kada,14,produces,0
Croatian,Male,14,kada,14,understands,0.5714
Croatian,Female,15,kada,16,produces,0
Croatian,Female,15,kada,16,understands,0.5625
Croatian,Male,15,kada,8,produces,0
Croatian,Male,15,kada,8,understands,0.625
Croatian,Female,16,"kada, kada (object)",27,produces,0.2222
Croatian,Female,16,"kada, kada (object)",27,understands,0.4815
Croatian,Male,16,"kada, kada (object)",20,produces,0.05
Croatian,Male,16,"kada, kada (object)",20,understands,0.45
Croatian,Female,17,kada (object),12,produces,0.25
Croatian,Female,17,kada (object),12,understands,0
Croatian,Male,17,kada (object),13,produces,0.0769
Croatian,Male,17,kada (object),13,understands,0
Croatian,Female,18,kada (object),8,produces,0.375
Croatian,Female,18,kada (object),8,understands,0
Croatian,Male,18,kada (object),14,produces,0.2143
Croatian,Male,18,kada (object),14,understands,0
Croatian,Female,19,kada (object),14,produces,0.1429
Croatian,Female,19,kada (object),14,understands,0
Croatian,Male,19,kada (object),7,produces,0.2857
Croatian,Male,19,kada (object),7,understands,0
Croatian,Female,20,kada (object),13,produces,0.3077
Croatian,Female,20,kada (object),13,understands,0
Croatian,Male,20,kada (object),13,produces,0.2308
Croatian,Male,20,kada (object),13,understands,0
Croatian,Female,21,kada (object),13,produces,0.6154
Croatian,Female,21,kada (object),13,understands,0
Croatian,Male,21,kada (object),16,produces,0.3125
Croatian,Male,21,kada (object),16,understands,0
Croatian,Female,22,kada (object),14,produces,0.7143
Croatian,Female,22,kada (object),14,understands,0
Croatian,Male,22,kada (object),10,produces,0.6
Croatian,Male,22,kada (object),10,understands,0
Croatian,Female,23,kada (object),14,produces,0.6429
Croatian,Female,23,kada (object),14,understands,0
Croatian,Male,23,kada (object),12,produces,0.5
Croatian,Male,23,kada (object),12,understands,0
Croatian,Female,24,kada (object),14,produces,0.5714
Croatian,Female,24,kada (object),14,understands,0
Croatian,Male,24,kada (object),16,produces,0.6875
Croatian,Male,24,kada (object),16,understands,0
Croatian,Female,25,kada (object),14,produces,0.7857
Croatian,Female,25,kada (object),14,understands,0
Croatian,Male,25,kada (object),16,produces,0.5625
Croatian,Male,25,kada (object),16,understands,0
Croatian,Female,26,kada (object),11,produces,0.8182
Croatian,Female,26,kada (object),11,understands,0
Croatian,Male,26,kada (object),18,produces,0.6667
Croatian,Male,26,kada (object),18,understands,0
Croatian,Female,27,kada (object),11,produces,0.9091
Croatian,Female,27,kada (object),11,understands,0
Croatian,Male,27,kada (object),14,produces,0.7857
Croatian,Male,27,kada (object),14,understands,0
Croatian,Female,28,kada (object),8,produces,1
Croatian,Female,28,kada (object),8,understands,0
Croatian,Male,28,kada (object),13,produces,0.9231
Croatian,Male,28,kada (object),13,understands,0
Croatian,Female,29,kada (object),15,produces,1
Croatian,Female,29,kada (object),15,understands,0
Croatian,Male,29,kada (object),13,produces,0.7692
Croatian,Male,29,kada (object),13,understands,0
Croatian,Female,30,kada (object),11,produces,1
Croatian,Female,30,kada (object),11,understands,0
Croatian,Male,30,kada (object),17,produces,0.8235
Croatian,Male,30,kada (object),17,understands,0
Danish,Female,8,badekar,77,produces,0
Danish,Female,8,badekar,77,understands,0.1299
Danish,Male,8,badekar,97,produces,0
Danish,Male,8,badekar,97,understands,0.1237
Danish,Female,9,badekar,94,produces,0
Danish,Female,9,badekar,94,understands,0.0957
Danish,Male,9,badekar,102,produces,0
Danish,Male,9,badekar,102,understands,0.0882
Danish,Female,10,badekar,105,produces,0
Danish,Female,10,badekar,105,understands,0.2
Danish,Male,10,badekar,77,produces,0
Danish,Male,10,badekar,77,understands,0.2208
Danish,Female,11,badekar,94,produces,0.0106
Danish,Female,11,badekar,94,understands,0.266
Danish,Male,11,badekar,106,produces,0
Danish,Male,11,badekar,106,understands,0.2264
Danish,Female,12,badekar,92,produces,0
Danish,Female,12,badekar,92,understands,0.3152
Danish,Male,12,badekar,96,produces,0
Danish,Male,12,badekar,96,understands,0.3958
Danish,Female,13,badekar,105,produces,0
Danish,Female,13,badekar,105,understands,0.3905
Danish,Male,13,badekar,111,produces,0.036
Danish,Male,13,badekar,111,understands,0.4414
Danish,Female,14,badekar,86,produces,0.0116
Danish,Female,14,badekar,86,understands,0.5116
Danish,Male,14,badekar,92,produces,0
Danish,Male,14,badekar,92,understands,0.5217
Danish,Female,15,badekar,112,produces,0.0357
Danish,Female,15,badekar,112,understands,0.5268
Danish,Male,15,badekar,91,produces,0.044
Danish,Male,15,badekar,91,understands,0.5714
Danish,Female,16,badekar,184,produces,0.0272
Danish,Female,16,badekar,184,understands,0.288
Danish,Male,16,badekar,175,produces,0.0343
Danish,Male,16,badekar,175,understands,0.3257
Danish,Female,17,badekar,174,produces,0.0805
Danish,Female,17,badekar,174,understands,0.3563
Danish,Male,17,badekar,172,produces,0.0349
Danish,Male,17,badekar,172,understands,0.343
Danish,Female,18,badekar,188,produces,0.1064
Danish,Female,18,badekar,188,understands,0.4309
Danish,Male,18,badekar,170,produces,0.1
Danish,Male,18,badekar,170,understands,0.4118
Danish,Female,19,badekar,189,produces,0.0794
Danish,Female,19,badekar,189,understands,0.3545
Danish,Male,19,badekar,172,produces,0.0872
Danish,Male,19,badekar,172,understands,0.3256
Danish,Female,20,badekar,174,produces,0.2299
Danish,Female,20,badekar,174,understands,0.3678
Danish,Male,20,badekar,184,produces,0.1196
Danish,Male,20,badekar,184,understands,0.4076
Danish,Female,21,badekar,112,produces,0.25
Danish,Female,21,badekar,112,understands,0
Danish,Male,21,badekar,124,produces,0.1694
Danish,Male,21,badekar,124,understands,0
Danish,Female,22,badekar,125,produces,0.384
Danish,Female,22,badekar,125,understands,0
Danish,Male,22,badekar,110,produces,0.2364
Danish,Male,22,badekar,110,understands,0
Danish,Female,23,badekar,95,produces,0.3579
Danish,Female,23,badekar,95,understands,0
Danish,Male,23,badekar,95,produces,0.2842
Danish,Male,23,badekar,95,understands,0
Danish,Female,24,badekar,112,produces,0.5179
Danish,Female,24,badekar,112,understands,0
Danish,Male,24,badekar,104,produces,0.4423
Danish,Male,24,badekar,104,understands,0
Danish,Female,25,badekar,71,produces,0.5915
Danish,Female,25,badekar,71,understands,0
Danish,Male,25,badekar,67,produces,0.5224
Danish,Male,25,badekar,67,understands,0
Danish,Female,26,badekar,108,produces,0.7222
Danish,Female,26,badekar,108,understands,0
Danish,Male,26,badekar,98,produces,0.5816
Danish,Male,26,badekar,98,understands,0
Danish,Female,27,badekar,100,produces,0.74
Danish,Female,27,badekar,100,understands,0
Danish,Male,27,badekar,76,produces,0.6579
Danish,Male,27,badekar,76,understands,0
Danish,Female,28,badekar,94,produces,0.8085
Danish,Female,28,badekar,94,understands,0
Danish,Male,28,badekar,96,produces,0.6458
Danish,Male,28,badekar,96,understands,0
Danish,Female,29,badekar,102,produces,0.7745
Danish,Female,29,badekar,102,understands,0
Danish,Male,29,badekar,80,produces,0.675
Danish,Male,29,badekar,80,understands,0
Danish,Female,30,badekar,75,produces,0.9333
Danish,Female,30,badekar,75,understands,0
Danish,Male,30,badekar,98,produces,0.8265
Danish,Male,30,badekar,98,understands,0
Danish,Female,31,badekar,82,produces,0.9024
Danish,Female,31,badekar,82,understands,0
Danish,Male,31,badekar,93,produces,0.7634
Danish,Male,31,badekar,93,understands,0
Danish,Female,32,badekar,74,produces,0.9189
Danish,Female,32,badekar,74,understands,0
Danish,Male,32,badekar,69,produces,0.8841
Danish,Male,32,badekar,69,understands,0
Danish,Female,33,badekar,82,produces,0.9024
Danish,Female,33,badekar,82,understands,0
Danish,Male,33,badekar,69,produces,0.913
Danish,Male,33,badekar,69,understands,0
Danish,Female,34,badekar,68,produces,0.9559
Danish,Female,34,badekar,68,understands,0
Danish,Male,34,badekar,75,produces,0.8667
Danish,Male,34,badekar,75,understands,0
Danish,Female,35,badekar,56,produces,0.9464
Danish,Female,35,badekar,56,understands,0
Danish,Male,35,badekar,57,produces,0.9298
Danish,Male,35,badekar,57,understands,0
Danish,Female,36,badekar,61,produces,0.9344
Danish,Female,36,badekar,61,understands,0
Danish,Male,36,badekar,65,produces,0.9231
Danish,Male,36,badekar,65,understands,0
English (American),Female,8,bathtub,114,produces,0
English (American),Female,8,bathtub,114,understands,0.193
English (American),Male,8,bathtub,141,produces,0
English (American),Male,8,bathtub,141,understands,0.1418
English (American),Female,9,bathtub,135,produces,0.0074
English (American),Female,9,bathtub,135,understands,0.2963
English (American),Male,9,bathtub,160,produces,0.0063
English (American),Male,9,bathtub,160,understands,0.175
English (American),Female,10,bathtub,119,produces,0
English (American),Female,10,bathtub,119,understands,0.3025
English (American),Male,10,bathtub,144,produces,0.0139
English (American),Male,10,bathtub,144,understands,0.2292
English (American),Female,11,bathtub,171,produces,0.0234
English (American),Female,11,bathtub,171,understands,0.4444
English (American),Male,11,bathtub,189,produces,0.037
English (American),Male,11,bathtub,189,understands,0.3598
English (American),Female,12,bathtub,279,produces,0.0215
English (American),Female,12,bathtub,279,understands,0.4301
English (American),Male,12,bathtub,334,produces,0.0329
English (American),Male,12,bathtub,334,understands,0.4072
English (American),Female,13,bathtub,496,produces,0.0403
English (American),Female,13,bathtub,496,understands,0.5746
English (American),Male,13,bathtub,541,produces,0.0444
English (American),Male,13,bathtub,541,understands,0.5416
English (American),Female,14,bathtub,220,produces,0.0864
English (American),Female,14,bathtub,220,understands,0.5545
English (American),Male,14,bathtub,224,produces,0.0446
English (American),Male,14,bathtub,224,understands,0.5089
English (American),Female,15,bathtub,111,produces,0.0811
English (American),Female,15,bathtub,111,understands,0.6486
English (American),Male,15,bathtub,127,produces,0.1181
English (American),Male,15,bathtub,127,understands,0.6929
English (American),Female,16,bathtub,786,produces,0.2023
English (American),Female,16,bathtub,786,understands,0.4237
English (American),Male,16,bathtub,856,produces,0.139
English (American),Male,16,bathtub,856,understands,0.4089
English (American),Female,17,bathtub,315,produces,0.2063
English (American),Female,17,bathtub,315,understands,0.4286
English (American),Male,17,bathtub,379,produces,0.1398
English (American),Male,17,bathtub,379,understands,0.409
English (American),Female,18,bathtub,434,produces,0.2673
English (American),Female,18,bathtub,434,understands,0.3479
English (American),Male,18,bathtub,468,produces,0.2115
English (American),Male,18,bathtub,468,understands,0.3462
English (American),Female,19,bathtub,231,produces,0.3377
English (American),Female,19,bathtub,231,understands,0
English (American),Male,19,bathtub,224,produces,0.3214
English (American),Male,19,bathtub,224,understands,0
English (American),Female,20,bathtub,205,produces,0.322
English (American),Female,20,bathtub,205,understands,0
English (American),Male,20,bathtub,222,produces,0.2793
English (American),Male,20,bathtub,222,understands,0
English (American),Female,21,bathtub,127,produces,0.3701
English (American),Female,21,bathtub,127,understands,0
English (American),Male,21,bathtub,142,produces,0.3451
English (American),Male,21,bathtub,142,understands,0
English (American),Female,22,bathtub,186,produces,0.4731
English (American),Female,22,bathtub,186,understands,0
English (American),Male,22,bathtub,162,produces,0.4136
English (American),Male,22,bathtub,162,understands,0
English (American),Female,23,bathtub,177,produces,0.6328
English (American),Female,23,bathtub,177,understands,0
English (American),Male,23,bathtub,196,produces,0.5204
English (American),Male,23,bathtub,196,understands,0
English (American),Female,24,bathtub,365,produces,0.6438
English (American),Female,24,bathtub,365,understands,0
English (American),Male,24,bathtub,453,produces,0.543
English (American),Male,24,bathtub,453,understands,0
English (American),Female,25,bathtub,299,produces,0.6923
English (American),Female,25,bathtub,299,understands,0
English (American),Male,25,bathtub,336,produces,0.5863
English (American),Male,25,bathtub,336,understands,0
English (American),Female,26,bathtub,173,produces,0.7688
English (American),Female,26,bathtub,173,understands,0
English (American),Male,26,bathtub,197,produces,0.6193
English (American),Male,26,bathtub,197,understands,0
English (American),Female,27,bathtub,158,produces,0.7152
English (American),Female,27,bathtub,158,understands,0
English (American),Male,27,bathtub,154,produces,0.6883
English (American),Male,27,bathtub,154,understands,0
English (American),Female,28,bathtub,416,produces,0.8846
English (American),Female,28,bathtub,416,understands,0
English (American),Male,28,bathtub,492,produces,0.8455
English (American),Male,28,bathtub,492,understands,0
English (American),Female,29,bathtub,166,produces,0.7349
English (American),Female,29,bathtub,166,understands,0
English (American),Male,29,bathtub,167,produces,0.7545
English (American),Male,29,bathtub,167,understands,0
English (American),Female,30,bathtub,323,produces,0.7492
English (American),Female,30,bathtub,323,understands,0
English (American),Male,30,bathtub,368,produces,0.7038
English (American),Male,30,bathtub,368,understands,0
English (Australian),Female,12,Bath (tub),27,produces,0.037
English (Australian),Female,12,Bath (tub),27,understands,0
English (Australian),Male,12,Bath (tub),44,produces,0.0227
English (Australian),Male,12,Bath (tub),44,understands,0
English (Australian),Female,13,Bath (tub),35,produces,0.0286
English (Australian),Female,13,Bath (tub),35,understands,0
English (Australian),Male,13,Bath (tub),29,produces,0.0345
English (Australian),Male,13,Bath (tub),29,understands,0
English (Australian),Female,14,Bath (tub),51,produces,0.1961
English (Australian),Female,14,Bath (tub),51,understands,0
English (Australian),Male,14,Bath (tub),60,produces,0.1833
English (Australian),Male,14,Bath (tub),60,understands,0
English (Australian),Female,15,Bath (tub),31,produces,0.2581
English (Australian),Female,15,Bath (tub),31,understands,0
English (Australian),Male,15,Bath (tub),38,produces,0.1579
English (Australian),Male,15,Bath (tub),38,understands,0
English (Australian),Female,16,Bath (tub),32,produces,0.375
English (Australian),Female,16,Bath (tub),32,understands,0
English (Australian),Male,16,Bath (tub),28,produces,0.2857
English (Australian),Male,16,Bath (tub),28,understands,0
English (Australian),Female,17,Bath (tub),56,produces,0.5179
English (Australian),Female,17,Bath (tub),56,understands,0
English (Australian),Male,17,Bath (tub),48,produces,0.3125
English (Australian),Male,17,Bath (tub),48,understands,0
English (Australian),Female,18,Bath (tub),52,produces,0.5385
English (Australian),Female,18,Bath (tub),52,understands,0
English (Australian),Male,18,Bath (tub),57,produces,0.4912
English (Australian),Male,18,Bath (tub),57,understands,0
English (Australian),Female,19,Bath (tub),72,produces,0.7222
English (Australian),Female,19,Bath (tub),72,understands,0
English (Australian),Male,19,Bath (tub),52,produces,0.5769
English (Australian),Male,19,Bath (tub),52,understands,0
English (Australian),Female,20,Bath (tub),40,produces,0.85
English (Australian),Female,20,Bath (tub),40,understands,0
English (Australian),Male,20,Bath (tub),38,produces,0.6842
English (Australian),Male,20,Bath (tub),38,understands,0
English (Australian),Female,21,Bath (tub),39,produces,0.6154
English (Australian),Female,21,Bath (tub),39,understands,0
English (Australian),Male,21,Bath (tub),25,produces,0.64
English (Australian),Male,21,Bath (tub),25,understands,0
English (Australian),Female,22,Bath (tub),27,produces,0.8519
English (Australian),Female,22,Bath (tub),27,understands,0
English (Australian),Male,22,Bath (tub),46,produces,0.7826
English (Australian),Male,22,Bath (tub),46,understands,0
English (Australian),Female,23,Bath (tub),39,produces,0.8205
English (Australian),Female,23,Bath (tub),39,understands,0
English (Australian),Male,23,Bath (tub),32,produces,0.75
English (Australian),Male,23,Bath (tub),32,understands,0
English (Australian),Female,24,Bath (tub),36,produces,0.9167
English (Australian),Female,24,Bath (tub),36,understands,0
English (Australian),Male,24,Bath (tub),40,produces,0.85
English (Australian),Male,24,Bath (tub),40,understands,0
English (Australian),Female,25,Bath (tub),44,produces,0.8636
English (Australian),Female,25,Bath (tub),44,understands,0
English (Australian),Male,25,Bath (tub),41,produces,0.7317
English (Australian),Male,25,Bath (tub),41,understands,0
English (Australian),Female,26,Bath (tub),40,produces,0.9
English (Australian),Female,26,Bath (tub),40,understands,0
English (Australian),Male,26,Bath (tub),37,produces,0.8649
English (Australian),Male,26,Bath (tub),37,understands,0
English (Australian),Female,27,Bath (tub),36,produces,0.8889
English (Australian),Female,27,Bath (tub),36,understands,0
English (Australian),Male,27,Bath (tub),36,produces,0.8611
English (Australian),Male,27,Bath (tub),36,understands,0
English (Australian),Female,28,Bath (tub),27,produces,0.9259
English (Australian),Female,28,Bath (tub),27,understands,0
English (Australian),Male,28,Bath (tub),40,produces,0.875
English (Australian),Male,28,Bath (tub),40,understands,0
English (Australian),Female,29,Bath (tub),33,produces,0.9697
English (Australian),Female,29,Bath (tub),33,understands,0
English (Australian),Male,29,Bath (tub),32,produces,0.9062
English (Australian),Male,29,Bath (tub),32,understands,0
English (Australian),Female,30,Bath (tub),28,produces,1
English (Australian),Female,30,Bath (tub),28,understands,0
English (Australian),Male,30,Bath (tub),25,produces,0.96
English (Australian),Male,30,Bath (tub),25,understands,0
English (British),Female,12,bath / bathtub,13,produces,0
English (British),Female,12,bath / bathtub,13,understands,0.4615
English (British),Male,12,bath / bathtub,14,produces,0
English (British),Male,12,bath / bathtub,14,understands,0.7143
English (British),Female,13,bath / bathtub,2,produces,0
English (British),Female,13,bath / bathtub,2,understands,0.5
English (British),Male,13,bath / bathtub,5,produces,0
English (British),Male,13,bath / bathtub,5,understands,0.4
English (British),Female,14,bath / bathtub,27,produces,0.2222
English (British),Female,14,bath / bathtub,27,understands,0.8889
English (British),Male,14,bath / bathtub,37,produces,0.1081
English (British),Male,14,bath / bathtub,37,understands,0.5946
English (British),Female,15,bath / bathtub,38,produces,0.2105
English (British),Female,15,bath / bathtub,38,understands,0.8421
English (British),Male,15,bath / bathtub,50,produces,0.12
English (British),Male,15,bath / bathtub,50,understands,0.78
English (British),Female,16,bath / bathtub,58,produces,0.2759
English (British),Female,16,bath / bathtub,58,understands,0.8793
English (British),Male,16,bath / bathtub,60,produces,0.15
English (British),Male,16,bath / bathtub,60,understands,0.75
English (British),Female,17,bath / bathtub,90,produces,0.3333
English (British),Female,17,bath / bathtub,90,understands,0.9111
English (British),Male,17,bath / bathtub,107,produces,0.215
English (British),Male,17,bath / bathtub,107,understands,0.8692
English (British),Female,18,bath / bathtub,58,produces,0.2931
English (British),Female,18,bath / bathtub,58,understands,0.8621
English (British),Male,18,bath / bathtub,60,produces,0.2833
English (British),Male,18,bath / bathtub,60,understands,0.85
English (British),Female,19,bath / bathtub,52,produces,0.6154
English (British),Female,19,bath / bathtub,52,understands,0.9231
English (British),Male,19,bath / bathtub,57,produces,0.386
English (British),Male,19,bath / bathtub,57,understands,0.8947
English (British),Female,20,bath / bathtub,64,produces,0.6406
English (British),Female,20,bath / bathtub,64,understands,0.9531
English (British),Male,20,bath / bathtub,80,produces,0.5625
English (British),Male,20,bath / bathtub,80,understands,0.95
English (British),Female,21,bath / bathtub,32,produces,0.75
English (British),Female,21,bath / bathtub,32,understands,0.9688
English (British),Male,21,bath / bathtub,43,produces,0.6279
English (British),Male,21,bath / bathtub,43,understands,0.9535
English (British),Female,22,bath / bathtub,12,produces,0.75
English (British),Female,22,bath / bathtub,12,understands,1
English (British),Male,22,bath / bathtub,16,produces,0.5625
English (British),Male,22,bath / bathtub,16,understands,1
English (British),Female,23,bath / bathtub,50,produces,0.84
English (British),Female,23,bath / bathtub,50,understands,0.98
English (British),Male,23,bath / bathtub,62,produces,0.5968
English (British),Male,23,bath / bathtub,62,understands,0.9839
English (British),Female,24,bath / bathtub,42,produces,0.7857
English (British),Female,24,bath / bathtub,42,understands,0.9524
English (British),Male,24,bath / bathtub,45,produces,0.7778
English (British),Male,24,bath / bathtub,45,understands,0.9556
English (British),Female,25,bath / bathtub,21,produces,0.8571
English (British),Female,25,bath / bathtub,21,understands,0.9524
English (British),Male,25,bath / bathtub,15,produces,0.5333
English (British),Male,25,bath / bathtub,15,understands,0.9333
Finnish,Female,12,amme  ,18,produces,0
Finnish,Female,12,amme  ,18,understands,0
Finnish,Male,12,amme  ,17,produces,0
Finnish,Male,12,amme  ,17,understands,0
Finnish,Female,15,amme  ,18,produces,0
Finnish,Female,15,amme  ,18,understands,0
Finnish,Male,15,amme  ,17,produces,0
Finnish,Male,15,amme  ,17,understands,0
Finnish,Female,18,amme,55,produces,0.0545
Finnish,Female,18,amme,55,understands,0
Finnish,Male,18,amme,62,produces,0.2097
Finnish,Male,18,amme,62,understands,0
Finnish,Female,24,amme,55,produces,0.4727
Finnish,Female,24,amme,55,understands,0
Finnish,Male,24,amme,62,produces,0.6774
Finnish,Male,24,amme,62,understands,0
French (Quebecois),Female,8,bain (object),49,produces,0
French (Quebecois),Female,8,bain (object),49,understands,0.449
French (Quebecois),Male,8,bain (object),54,produces,0
French (Quebecois),Male,8,bain (object),54,understands,0.3148
French (Quebecois),Female,9,bain (object),79,produces,0
French (Quebecois),Female,9,bain (object),79,understands,0.4304
French (Quebecois),Male,9,bain (object),88,produces,0.0114
French (Quebecois),Male,9,bain (object),88,understands,0.3977
French (Quebecois),Female,10,bain (object),40,produces,0.05
French (Quebecois),Female,10,bain (object),40,understands,0.675
French (Quebecois),Male,10,bain (object),46,produces,0.0652
French (Quebecois),Male,10,bain (object),46,understands,0.4783
French (Quebecois),Female,11,bain (object),41,produces,0
French (Quebecois),Female,11,bain (object),41,understands,0.7561
French (Quebecois),Male,11,bain (object),40,produces,0.025
French (Quebecois),Male,11,bain (object),40,understands,0.65
French (Quebecois),Female,12,bain (object),72,produces,0
French (Quebecois),Female,12,bain (object),72,understands,0.75
French (Quebecois),Male,12,bain (object),94,produces,0.0532
French (Quebecois),Male,12,bain (object),94,understands,0.6702
French (Quebecois),Female,13,bain (object),49,produces,0.0612
French (Quebecois),Female,13,bain (object),49,understands,0.7551
French (Quebecois),Male,13,bain (object),76,produces,0.1053
French (Quebecois),Male,13,bain (object),76,understands,0.7763
French (Quebecois),Female,14,bain (object),132,produces,0.1061
French (Quebecois),Female,14,bain (object),132,understands,0.7348
French (Quebecois),Male,14,bain (object),96,produces,0.0417
French (Quebecois),Male,14,bain (object),96,understands,0.7708
French (Quebecois),Female,15,bain (object),39,produces,0.2308
French (Quebecois),Female,15,bain (object),39,understands,0.8462
French (Quebecois),Male,15,bain (object),62,produces,0.2419
French (Quebecois),Male,15,bain (object),62,understands,0.8871
French (Quebecois),Female,16,bain (object),57,produces,0.2807
French (Quebecois),Female,16,bain (object),57,understands,0.5088
French (Quebecois),Male,16,bain (object),51,produces,0.3725
French (Quebecois),Male,16,bain (object),51,understands,0.5882
French (Quebecois),Female,17,bain (object),30,produces,0.5333
French (Quebecois),Female,17,bain (object),30,understands,0
French (Quebecois),Male,17,bain (object),31,produces,0.3226
French (Quebecois),Male,17,bain (object),31,understands,0
French (Quebecois),Female,18,bain (object),53,produces,0.6226
French (Quebecois),Female,18,bain (object),53,understands,0
French (Quebecois),Male,18,bain (object),46,produces,0.3696
French (Quebecois),Male,18,bain (object),46,understands,0
French (Quebecois),Female,19,bain (object),41,produces,0.8293
French (Quebecois),Female,19,bain (object),41,understands,0
French (Quebecois),Male,19,bain (object),50,produces,0.46
French (Quebecois),Male,19,bain (object),50,understands,0
French (Quebecois),Female,20,bain (object),90,produces,0.5444
French (Quebecois),Female,20,bain (object),90,understands,0
French (Quebecois),Male,20,bain (object),105,produces,0.5714
French (Quebecois),Male,20,bain (object),105,understands,0
French (Quebecois),Female,21,bain (object),56,produces,0.75
French (Quebecois),Female,21,bain (object),56,understands,0
French (Quebecois),Male,21,bain (object),53,produces,0.6038
French (Quebecois),Male,21,bain (object),53,understands,0
French (Quebecois),Female,22,bain (object),42,produces,0.8333
French (Quebecois),Female,22,bain (object),42,understands,0
French (Quebecois),Male,22,bain (object),44,produces,0.5909
French (Quebecois),Male,22,bain (object),44,understands,0
French (Quebecois),Female,23,bain (object),41,produces,0.8293
French (Quebecois),Female,23,bain (object),41,understands,0
French (Quebecois),Male,23,bain (object),45,produces,0.8889
French (Quebecois),Male,23,bain (object),45,understands,0
French (Quebecois),Female,24,bain (object),56,produces,0.8571
French (Quebecois),Female,24,bain (object),56,understands,0
French (Quebecois),Male,24,bain (object),76,produces,0.7237
French (Quebecois),Male,24,bain (object),76,understands,0
French (Quebecois),Female,25,bain (object),41,produces,0.9268
French (Quebecois),Female,25,bain (object),41,understands,0
French (Quebecois),Male,25,bain (object),45,produces,0.7333
French (Quebecois),Male,25,bain (object),45,understands,0
French (Quebecois),Female,26,bain (object),46,produces,0.8696
French (Quebecois),Female,26,bain (object),46,understands,0
French (Quebecois),Male,26,bain (object),49,produces,0.7347
French (Quebecois),Male,26,bain (object),49,understands,0
French (Quebecois),Female,27,bain (object),40,produces,0.95
French (Quebecois),Female,27,bain (object),40,understands,0
French (Quebecois),Male,27,bain (object),34,produces,0.9118
French (Quebecois),Male,27,bain (object),34,understands,0
French (Quebecois),Female,28,bain (object),28,produces,0.9643
French (Quebecois),Female,28,bain (object),28,understands,0
French (Quebecois),Male,28,bain (object),32,produces,0.9688
French (Quebecois),Male,28,bain (object),32,understands,0
French (Quebecois),Female,29,bain (object),35,produces,0.8857
French (Quebecois),Female,29,bain (object),35,understands,0
French (Quebecois),Male,29,bain (object),35,produces,0.9429
French (Quebecois),Male,29,bain (object),35,understands,0
French (Quebecois),Female,30,bain (object),41,produces,0.9268
French (Quebecois),Female,30,bain (object),41,understands,0
French (Quebecois),Male,30,bain (object),59,produces,0.8644
French (Quebecois),Male,30,bain (object),59,understands,0
German,Female,18,Badewanne,40,produces,0.05
German,Female,18,Badewanne,40,understands,0
German,Male,18,Badewanne,45,produces,0.0222
German,Male,18,Badewanne,45,understands,0
German,Female,19,Badewanne,39,produces,0.1538
German,Female,19,Badewanne,39,understands,0
German,Male,19,Badewanne,40,produces,0.125
German,Male,19,Badewanne,40,understands,0
German,Female,20,Badewanne,39,produces,0.3077
German,Female,20,Badewanne,39,understands,0
German,Male,20,Badewanne,57,produces,0.1754
German,Male,20,Badewanne,57,understands,0
German,Female,21,Badewanne,38,produces,0.3947
German,Female,21,Badewanne,38,understands,0
German,Male,21,Badewanne,39,produces,0.2308
German,Male,21,Badewanne,39,understands,0
German,Female,22,Badewanne,52,produces,0.3269
German,Female,22,Badewanne,52,understands,0
German,Male,22,Badewanne,43,produces,0.3721
German,Male,22,Badewanne,43,understands,0
German,Female,23,Badewanne,45,produces,0.4889
German,Female,23,Badewanne,45,understands,0
German,Male,23,Badewanne,50,produces,0.38
German,Male,23,Badewanne,50,understands,0
German,Female,24,Badewanne,48,produces,0.6667
German,Female,24,Badewanne,48,understands,0
German,Male,24,Badewanne,55,produces,0.3818
German,Male,24,Badewanne,55,understands,0
German,Female,25,Badewanne,28,produces,0.7857
German,Female,25,Badewanne,28,understands,0
German,Male,25,Badewanne,67,produces,0.5224
German,Male,25,Badewanne,67,understands,0
German,Female,26,Badewanne,42,produces,0.8095
German,Female,26,Badewanne,42,understands,0
German,Male,26,Badewanne,50,produces,0.68
German,Male,26,Badewanne,50,understands,0
German,Female,27,Badewanne,41,produces,0.8537
German,Female,27,Badewanne,41,understands,0
German,Male,27,Badewanne,48,produces,0.4792
German,Male,27,Badewanne,48,understands,0
German,Female,28,Badewanne,35,produces,0.9143
German,Female,28,Badewanne,35,understands,0
German,Male,28,Badewanne,58,produces,0.7414
German,Male,28,Badewanne,58,understands,0
German,Female,29,Badewanne,50,produces,0.94
German,Female,29,Badewanne,50,understands,0
German,Male,29,Badewanne,39,produces,0.7179
German,Male,29,Badewanne,39,understands,0
German,Female,30,Badewanne,54,produces,0.8889
German,Female,30,Badewanne,54,understands,0
German,Male,30,Badewanne,39,produces,0.9487
German,Male,30,Badewanne,39,understands,0
Greek (Cypriot),Female,18,μπανιέρα,24,produces,0.0417
Greek (Cypriot),Female,18,μπανιέρα,24,understands,0
Greek (Cypriot),Male,18,μπανιέρα,21,produces,0
Greek (Cypriot),Male,18,μπανιέρα,21,understands,0
Greek (Cypriot),Female,21,μπανιέρα,19,produces,0
Greek (Cypriot),Female,21,μπανιέρα,19,understands,0
Greek (Cypriot),Male,21,μπανιέρα,17,produces,0
Greek (Cypriot),Male,21,μπανιέρα,17,understands,0
Greek (Cypriot),Female,24,μπανιέρα,12,produces,0.0833
Greek (Cypriot),Female,24,μπανιέρα,12,understands,0
Greek (Cypriot),Male,24,μπανιέρα,20,produces,0.15
Greek (Cypriot),Male,24,μπανιέρα,20,understands,0
Greek (Cypriot),Female,27,μπανιέρα,16,produces,0.25
Greek (Cypriot),Female,27,μπανιέρα,16,understands,0
Greek (Cypriot),Male,27,μπανιέρα,13,produces,0
Greek (Cypriot),Male,27,μπανιέρα,13,understands,0
Greek (Cypriot),Female,30,μπανιέρα,12,produces,0.1667
Greek (Cypriot),Female,30,μπανιέρα,12,understands,0
Greek (Cypriot),Male,30,μπανιέρα,22,produces,0.1818
Greek (Cypriot),Male,30,μπανιέρα,22,understands,0
Hebrew,Male,11,אמבטיה,1,produces,0
Hebrew,Male,11,אמבטיה,1,understands,1
Hebrew,Female,12,אמבטיה,1,produces,0
Hebrew,Female,12,אמבטיה,1,understands,0
Hebrew,Male,12,אמבטיה,3,produces,0
Hebrew,Male,12,אמבטיה,3,understands,0.6667
Hebrew,Male,13,אמבטיה,4,produces,0
Hebrew,Male,13,אמבטיה,4,understands,0.25
Hebrew,Male,14,אמבטיה,1,produces,0
Hebrew,Male,14,אמבטיה,1,understands,0
Hebrew,Male,15,אמבטיה,2,produces,0
Hebrew,Male,15,אמבטיה,2,understands,0
Hebrew,Female,16,אמבטיה,4,produces,0.25
Hebrew,Female,16,אמבטיה,4,understands,1
Hebrew,Male,16,אמבטיה,2,produces,0
Hebrew,Male,16,אמבטיה,2,understands,0.5
Hebrew,Female,17,אמבטיה,2,produces,0.5
Hebrew,Female,17,אמבטיה,2,understands,1
Hebrew,Male,17,אמבטיה,1,produces,0
Hebrew,Male,17,אמבטיה,1,understands,0
Hebrew,Female,19,אמבטיה,1,produces,1
Hebrew,Female,19,אמבטיה,1,understands,1
Hebrew,Male,19,אמבטיה,3,produces,0.3333
Hebrew,Male,19,אמבטיה,3,understands,1
Hebrew,Female,20,אמבטיה,1,produces,1
Hebrew,Female,20,אמבטיה,1,understands,1
Hebrew,Male,20,אמבטיה,8,produces,0.625
Hebrew,Male,20,אמבטיה,8,understands,1
Hebrew,Female,21,אמבטיה,1,produces,1
Hebrew,Female,21,אמבטיה,1,understands,1
Hebrew,Male,21,אמבטיה,3,produces,0.3333
Hebrew,Male,21,אמבטיה,3,understands,1
Hebrew,Male,22,אמבטיה,3,produces,0.6667
Hebrew,Male,22,אמבטיה,3,understands,1
Hebrew,Female,23,אמבטיה,3,produces,0.6667
Hebrew,Female,23,אמבטיה,3,understands,1
Hebrew,Male,23,אמבטיה,4,produces,0.25
Hebrew,Male,23,אמבטיה,4,understands,1
Hebrew,Female,24,אמבטיה,1,produces,1
Hebrew,Female,24,אמבטיה,1,understands,1
Hebrew,Male,24,אמבטיה,10,produces,0.7
Hebrew,Male,24,אמבטיה,10,understands,0.9
Hebrew,Female,25,אמבטיה,36,produces,0.8056
Hebrew,Female,25,אמבטיה,36,understands,0
Hebrew,Male,25,אמבטיה,48,produces,0.75
Hebrew,Male,25,אמבטיה,48,understands,0.0417
Hebrew,Female,26,אמבטיה,42,produces,0.8333
Hebrew,Female,26,אמבטיה,42,understands,0
Hebrew,Male,26,אמבטיה,38,produces,0.8158
Hebrew,Male,26,אמבטיה,38,understands,0
Hebrew,Female,27,אמבטיה,36,produces,0.8611
Hebrew,Female,27,אמבטיה,36,understands,0
Hebrew,Male,27,אמבטיה,32,produces,0.8438
Hebrew,Male,27,אמבטיה,32,understands,0
Hebrew,Female,28,אמבטיה,30,produces,0.9
Hebrew,Female,28,אמבטיה,30,understands,0
Hebrew,Male,28,אמבטיה,27,produces,0.8889
Hebrew,Male,28,אמבטיה,27,understands,0
Hebrew,Female,29,אמבטיה,20,produces,1
Hebrew,Female,29,אמבטיה,20,understands,0
Hebrew,Male,29,אמבטיה,27,produces,0.963
Hebrew,Male,29,אמבטיה,27,understands,0
Hebrew,Female,30,אמבטיה,12,produces,0.8333
Hebrew,Female,30,אמבטיה,12,understands,0
Hebrew,Male,30,אמבטיה,16,produces,0.875
Hebrew,Male,30,אמבטיה,16,understands,0
Hebrew,Female,31,אמבטיה,18,produces,0.9444
Hebrew,Female,31,אמבטיה,18,understands,0
Hebrew,Male,31,אמבטיה,17,produces,0.8824
Hebrew,Male,31,אמבטיה,17,understands,0
Hebrew,Female,32,אמבטיה,19,produces,0.6842
Hebrew,Female,32,אמבטיה,19,understands,0
Hebrew,Male,32,אמבטיה,17,produces,1
Hebrew,Male,32,אמבטיה,17,understands,0
Hebrew,Female,33,אמבטיה,10,produces,0.9
Hebrew,Female,33,אמבטיה,10,understands,0
Hebrew,Male,33,אמבטיה,11,produces,0.9091
Hebrew,Male,33,אמבטיה,11,understands,0
Hebrew,Female,34,אמבטיה,15,produces,0.8667
Hebrew,Female,34,אמבטיה,15,understands,0
Hebrew,Male,34,אמבטיה,12,produces,1
Hebrew,Male,34,אמבטיה,12,understands,0
Hebrew,Female,35,אמבטיה,6,produces,0.8333
Hebrew,Female,35,אמבטיה,6,understands,0
Hebrew,Male,35,אמבטיה,12,produces,0.75
Hebrew,Male,35,אמבטיה,12,understands,0
Hebrew,Female,36,אמבטיה,4,produces,0.75
Hebrew,Female,36,אמבטיה,4,understands,0
Hebrew,Male,36,אמבטיה,1,produces,1
Hebrew,Male,36,אמבטיה,1,understands,0
Hungarian,Female,16,fürdőkád,11,produces,0.0909
Hungarian,Female,16,fürdőkád,11,understands,0
Hungarian,Male,16,fürdőkád,10,produces,0.1
Hungarian,Male,16,fürdőkád,10,understands,0
Hungarian,Female,17,fürdőkád,11,produces,0.1818
Hungarian,Female,17,fürdőkád,11,understands,0
Hungarian,Male,17,fürdőkád,7,produces,0
Hungarian,Male,17,fürdőkád,7,understands,0
Hungarian,Female,18,fürdőkád,9,produces,0.1111
Hungarian,Female,18,fürdőkád,9,understands,0
Hungarian,Male,18,fürdőkád,9,produces,0
Hungarian,Male,18,fürdőkád,9,understands,0
Hungarian,Female,19,fürdőkád,13,produces,0.1538
Hungarian,Female,19,fürdőkád,13,understands,0
Hungarian,Male,19,fürdőkád,12,produces,0.4167
Hungarian,Male,19,fürdőkád,12,understands,0
Hungarian,Female,20,fürdőkád,12,produces,0.25
Hungarian,Female,20,fürdőkád,12,understands,0
Hungarian,Male,20,fürdőkád,6,produces,0.1667
Hungarian,Male,20,fürdőkád,6,understands,0
Hungarian,Female,21,fürdőkád,16,produces,0.4375
Hungarian,Female,21,fürdőkád,16,understands,0
Hungarian,Male,21,fürdőkád,20,produces,0.15
Hungarian,Male,21,fürdőkád,20,understands,0
Hungarian,Female,22,fürdőkád,14,produces,0.5714
Hungarian,Female,22,fürdőkád,14,understands,0
Hungarian,Male,22,fürdőkád,13,produces,0.3077
Hungarian,Male,22,fürdőkád,13,understands,0
Hungarian,Female,23,fürdőkád,6,produces,0.5
Hungarian,Female,23,fürdőkád,6,understands,0
Hungarian,Male,23,fürdőkád,12,produces,0.5
Hungarian,Male,23,fürdőkád,12,understands,0
Hungarian,Female,24,fürdőkád,14,produces,0.5
Hungarian,Female,24,fürdőkád,14,understands,0
Hungarian,Male,24,fürdőkád,24,produces,0.375
Hungarian,Male,24,fürdőkád,24,understands,0
Hungarian,Female,25,fürdőkád,17,produces,0.5882
Hungarian,Female,25,fürdőkád,17,understands,0
Hungarian,Male,25,fürdőkád,25,produces,0.64
Hungarian,Male,25,fürdőkád,25,understands,0
Hungarian,Female,26,fürdőkád,9,produces,0.6667
Hungarian,Female,26,fürdőkád,9,understands,0
Hungarian,Male,26,fürdőkád,14,produces,0.6429
Hungarian,Male,26,fürdőkád,14,understands,0
Hungarian,Female,27,fürdőkád,13,produces,0.6154
Hungarian,Female,27,fürdőkád,13,understands,0
Hungarian,Male,27,fürdőkád,13,produces,0.6923
Hungarian,Male,27,fürdőkád,13,understands,0
Hungarian,Female,28,fürdőkád,11,produces,0.8182
Hungarian,Female,28,fürdőkád,11,understands,0
Hungarian,Male,28,fürdőkád,18,produces,0.6111
Hungarian,Male,28,fürdőkád,18,understands,0
Hungarian,Female,29,fürdőkád,8,produces,0.875
Hungarian,Female,29,fürdőkád,8,understands,0
Hungarian,Male,29,fürdőkád,4,produces,0.5
Hungarian,Male,29,fürdőkád,4,understands,0
Hungarian,Female,30,fürdőkád,3,produces,1
Hungarian,Female,30,fürdőkád,3,understands,0
Hungarian,Male,30,fürdőkád,15,produces,0.7333
Hungarian,Male,30,fürdőkád,15,understands,0
Italian,Female,7,vasca da bagno,2,produces,0
Italian,Female,7,vasca da bagno,2,understands,0
Italian,Male,7,vasca da bagno,3,produces,0
Italian,Male,7,vasca da bagno,3,understands,0.3333
Italian,Female,8,vasca da bagno,18,produces,0
Italian,Female,8,vasca da bagno,18,understands,0.1111
Italian,Male,8,vasca da bagno,16,produces,0
Italian,Male,8,vasca da bagno,16,understands,0
Italian,Female,9,vasca da bagno,14,produces,0
Italian,Female,9,vasca da bagno,14,understands,0
Italian,Male,9,vasca da bagno,24,produces,0
Italian,Male,9,vasca da bagno,24,understands,0.125
Italian,Female,10,vasca da bagno,29,produces,0
Italian,Female,10,vasca da bagno,29,understands,0
Italian,Male,10,vasca da bagno,24,produces,0
Italian,Male,10,vasca da bagno,24,understands,0.0417
Italian,Female,11,vasca da bagno,22,produces,0
Italian,Female,11,vasca da bagno,22,understands,0.2727
Italian,Male,11,vasca da bagno,20,produces,0
Italian,Male,11,vasca da bagno,20,understands,0.25
Italian,Female,12,vasca da bagno,29,produces,0
Italian,Female,12,vasca da bagno,29,understands,0.2759
Italian,Male,12,vasca da bagno,40,produces,0
Italian,Male,12,vasca da bagno,40,understands,0.4
Italian,Female,13,vasca da bagno,22,produces,0
Italian,Female,13,vasca da bagno,22,understands,0.2727
Italian,Male,13,vasca da bagno,26,produces,0
Italian,Male,13,vasca da bagno,26,understands,0.4231
Italian,Female,14,vasca da bagno,21,produces,0
Italian,Female,14,vasca da bagno,21,understands,0.3333
Italian,Male,14,vasca da bagno,19,produces,0
Italian,Male,14,vasca da bagno,19,understands,0.4737
Italian,Female,15,vasca da bagno,30,produces,0
Italian,Female,15,vasca da bagno,30,understands,0.5
Italian,Male,15,vasca da bagno,38,produces,0.0263
Italian,Male,15,vasca da bagno,38,understands,0.4211
Italian,Female,16,vasca da bagno,27,produces,0
Italian,Female,16,vasca da bagno,27,understands,0.5185
Italian,Male,16,vasca da bagno,29,produces,0
Italian,Male,16,vasca da bagno,29,understands,0.4828
Italian,Female,17,vasca da bagno,20,produces,0.1
Italian,Female,17,vasca da bagno,20,understands,0.45
Italian,Male,17,vasca da bagno,28,produces,0.0357
Italian,Male,17,vasca da bagno,28,understands,0.4286
Italian,Female,18,vasca da bagno,37,produces,0.0541
Italian,Female,18,vasca da bagno,37,understands,0.2432
Italian,Male,18,vasca da bagno,38,produces,0.0263
Italian,Male,18,vasca da bagno,38,understands,0.3684
Italian,Female,19,vasca da bagno,26,produces,0.0385
Italian,Female,19,vasca da bagno,26,understands,0.0385
Italian,Male,19,vasca da bagno,32,produces,0.0625
Italian,Male,19,vasca da bagno,32,understands,0.2812
Italian,Female,20,vasca da bagno,41,produces,0.122
Italian,Female,20,vasca da bagno,41,understands,0.122
Italian,Male,20,vasca da bagno,42,produces,0.0238
Italian,Male,20,vasca da bagno,42,understands,0.1905
Italian,Female,21,vasca da bagno,29,produces,0.1724
Italian,Female,21,vasca da bagno,29,understands,0.1379
Italian,Male,21,vasca da bagno,38,produces,0.1316
Italian,Male,21,vasca da bagno,38,understands,0.1579
Italian,Female,22,vasca da bagno,39,produces,0.3077
Italian,Female,22,vasca da bagno,39,understands,0.1026
Italian,Male,22,vasca da bagno,38,produces,0.2895
Italian,Male,22,vasca da bagno,38,understands,0.1316
Italian,Female,23,vasca da bagno,34,produces,0.1176
Italian,Female,23,vasca da bagno,34,understands,0.1765
Italian,Male,23,vasca da bagno,36,produces,0.2222
Italian,Male,23,vasca da bagno,36,understands,0.1667
Italian,Female,24,vasca da bagno,46,produces,0.2391
Italian,Female,24,vasca da bagno,46,understands,0.1304
Italian,Male,24,vasca da bagno,39,produces,0.4103
Italian,Male,24,vasca da bagno,39,understands,0.1795
Italian,Female,25,vasca da bagno,23,produces,0.3043
Italian,Female,25,vasca da bagno,23,understands,0
Italian,Male,25,vasca da bagno,16,produces,0.5
Italian,Male,25,vasca da bagno,16,understands,0
Italian,Female,26,vasca da bagno,19,produces,0.5789
Italian,Female,26,vasca da bagno,19,understands,0
Italian,Male,26,vasca da bagno,22,produces,0.2727
Italian,Male,26,vasca da bagno,22,understands,0
Italian,Female,27,vasca da bagno,20,produces,0.5
Italian,Female,27,vasca da bagno,20,understands,0
Italian,Male,27,vasca da bagno,23,produces,0.4348
Italian,Male,27,vasca da bagno,23,understands,0
Italian,Female,28,vasca da bagno,21,produces,0.5714
Italian,Female,28,vasca da bagno,21,understands,0
Italian,Male,28,vasca da bagno,23,produces,0.6957
Italian,Male,28,vasca da bagno,23,understands,0
Italian,Female,29,vasca da bagno,21,produces,0.6667
Italian,Female,29,vasca da bagno,21,understands,0
Italian,Male,29,vasca da bagno,16,produces,0.5625
Italian,Male,29,vasca da bagno,16,understands,0
Italian,Female,30,vasca da bagno,28,produces,0.6786
Italian,Female,30,vasca da bagno,28,understands,0
Italian,Male,30,vasca da bagno,39,produces,0.641
Italian,Male,30,vasca da bagno,39,understands,0
Italian,Female,31,vasca da bagno,8,produces,0.875
Italian,Female,31,vasca da bagno,8,understands,0
Italian,Male,31,vasca da bagno,11,produces,0.5455
Italian,Male,31,vasca da bagno,11,understands,0
Italian,Female,32,vasca da bagno,14,produces,0.7857
Italian,Female,32,vasca da bagno,14,understands,0
Italian,Male,32,vasca da bagno,9,produces,0.4444
Italian,Male,32,vasca da bagno,9,understands,0
Italian,Female,33,vasca da bagno,5,produces,1
Italian,Female,33,vasca da bagno,5,understands,0
Italian,Male,33,vasca da bagno,11,produces,0.7273
Italian,Male,33,vasca da bagno,11,understands,0
Italian,Female,34,vasca da bagno,12,produces,1
Italian,Female,34,vasca da bagno,12,understands,0
Italian,Male,34,vasca da bagno,7,produces,0.7143
Italian,Male,34,vasca da bagno,7,understands,0
Italian,Female,35,vasca da bagno,9,produces,0.6667
Italian,Female,35,vasca da bagno,9,understands,0
Italian,Male,35,vasca da bagno,6,produces,0.8333
Italian,Male,35,vasca da bagno,6,understands,0
Italian,Female,36,vasca da bagno,7,produces,0.7143
Italian,Female,36,vasca da bagno,7,understands,0
Italian,Male,36,vasca da bagno,14,produces,0.8571
Italian,Male,36,vasca da bagno,14,understands,0
Korean,Female,18,목욕탕,51,produces,0.1373
Korean,Female,18,목욕탕,51,understands,0
Korean,Male,18,목욕탕,37,produces,0.027
Korean,Male,18,목욕탕,37,understands,0
Korean,Female,19,목욕탕,39,produces,0.0513
Korean,Female,19,목욕탕,39,understands,0
Korean,Male,19,목욕탕,38,produces,0.0526
Korean,Male,19,목욕탕,38,understands,0
Korean,Female,20,목욕탕,47,produces,0.1064
Korean,Female,20,목욕탕,47,understands,0
Korean,Male,20,목욕탕,41,produces,0.0488
Korean,Male,20,목욕탕,41,understands,0
Korean,Female,21,목욕탕,38,produces,0.2105
Korean,Female,21,목욕탕,38,understands,0
Korean,Male,21,목욕탕,41,produces,0.0732
Korean,Male,21,목욕탕,41,understands,0
Korean,Female,22,목욕탕,42,produces,0.3571
Korean,Female,22,목욕탕,42,understands,0
Korean,Male,22,목욕탕,45,produces,0.1778
Korean,Male,22,목욕탕,45,understands,0
Korean,Female,23,목욕탕,42,produces,0.1429
Korean,Female,23,목욕탕,42,understands,0
Korean,Male,23,목욕탕,45,produces,0.1778
Korean,Male,23,목욕탕,45,understands,0
Korean,Female,24,목욕탕,46,produces,0.3261
Korean,Female,24,목욕탕,46,understands,0
Korean,Male,24,목욕탕,61,produces,0.2951
Korean,Male,24,목욕탕,61,understands,0
Korean,Female,25,목욕탕,46,produces,0.5217
Korean,Female,25,목욕탕,46,understands,0
Korean,Male,25,목욕탕,49,produces,0.3265
Korean,Male,25,목욕탕,49,understands,0
Korean,Female,26,목욕탕,42,produces,0.4286
Korean,Female,26,목욕탕,42,understands,0
Korean,Male,26,목욕탕,49,produces,0.3469
Korean,Male,26,목욕탕,49,understands,0
Korean,Female,27,목욕탕,46,produces,0.5435
Korean,Female,27,목욕탕,46,understands,0
Korean,Male,27,목욕탕,58,produces,0.4828
Korean,Male,27,목욕탕,58,understands,0
Korean,Female,28,목욕탕,49,produces,0.6735
Korean,Female,28,목욕탕,49,understands,0
Korean,Male,28,목욕탕,40,produces,0.55
Korean,Male,28,목욕탕,40,understands,0
Korean,Female,29,목욕탕,49,produces,0.6531
Korean,Female,29,목욕탕,49,understands,0
Korean,Male,29,목욕탕,51,produces,0.451
Korean,Male,29,목욕탕,51,understands,0
Korean,Female,30,목욕탕,34,produces,0.5588
Korean,Female,30,목욕탕,34,understands,0
Korean,Male,30,목욕탕,47,produces,0.5532
Korean,Male,30,목욕탕,47,understands,0
Korean,Female,31,목욕탕,31,produces,0.8065
Korean,Female,31,목욕탕,31,understands,0
Korean,Male,31,목욕탕,48,produces,0.7083
Korean,Male,31,목욕탕,48,understands,0
Korean,Female,32,목욕탕,33,produces,0.8182
Korean,Female,32,목욕탕,33,understands,0
Korean,Male,32,목욕탕,36,produces,0.6389
Korean,Male,32,목욕탕,36,understands,0
Korean,Female,33,목욕탕,36,produces,0.8611
Korean,Female,33,목욕탕,36,understands,0
Korean,Male,33,목욕탕,43,produces,0.6512
Korean,Male,33,목욕탕,43,understands,0
Korean,Female,34,목욕탕,41,produces,0.9024
Korean,Female,34,목욕탕,41,understands,0
Korean,Male,34,목욕탕,38,produces,0.6579
Korean,Male,34,목욕탕,38,understands,0
Korean,Female,35,목욕탕,37,produces,0.8919
Korean,Female,35,목욕탕,37,understands,0
Korean,Male,35,목욕탕,37,produces,0.8108
Korean,Male,35,목욕탕,37,understands,0
Korean,Female,36,목욕탕,40,produces,0.95
Korean,Female,36,목욕탕,40,understands,0
Korean,Male,36,목욕탕,35,produces,0.8286
Korean,Male,36,목욕탕,35,understands,0
Mandarin (Beijing),Female,16,澡盆,35,produces,0
Mandarin (Beijing),Female,16,澡盆,35,understands,0
Mandarin (Beijing),Male,16,澡盆,35,produces,0
Mandarin (Beijing),Male,16,澡盆,35,understands,0
Mandarin (Beijing),Female,17,澡盆,35,produces,0.0286
Mandarin (Beijing),Female,17,澡盆,35,understands,0
Mandarin (Beijing),Male,17,澡盆,37,produces,0.0541
Mandarin (Beijing),Male,17,澡盆,37,understands,0
Mandarin (Beijing),Female,18,澡盆,35,produces,0.0857
Mandarin (Beijing),Female,18,澡盆,35,understands,0
Mandarin (Beijing),Male,18,澡盆,36,produces,0.0556
Mandarin (Beijing),Male,18,澡盆,36,understands,0
Mandarin (Beijing),Female,19,澡盆,35,produces,0.2857
Mandarin (Beijing),Female,19,澡盆,35,understands,0
Mandarin (Beijing),Male,19,澡盆,35,produces,0.0857
Mandarin (Beijing),Male,19,澡盆,35,understands,0
Mandarin (Beijing),Female,20,澡盆,35,produces,0.2857
Mandarin (Beijing),Female,20,澡盆,35,understands,0
Mandarin (Beijing),Male,20,澡盆,36,produces,0.2778
Mandarin (Beijing),Male,20,澡盆,36,understands,0
Mandarin (Beijing),Female,21,澡盆,35,produces,0.3714
Mandarin (Beijing),Female,21,澡盆,35,understands,0
Mandarin (Beijing),Male,21,澡盆,35,produces,0.3143
Mandarin (Beijing),Male,21,澡盆,35,understands,0
Mandarin (Beijing),Female,22,澡盆,35,produces,0.5429
Mandarin (Beijing),Female,22,澡盆,35,understands,0
Mandarin (Beijing),Male,22,澡盆,36,produces,0.4444
Mandarin (Beijing),Male,22,澡盆,36,understands,0
Mandarin (Beijing),Female,23,澡盆,35,produces,0.7143
Mandarin (Beijing),Female,23,澡盆,35,understands,0
Mandarin (Beijing),Male,23,澡盆,35,produces,0.5429
Mandarin (Beijing),Male,23,澡盆,35,understands,0
Mandarin (Beijing),Female,24,澡盆,35,produces,0.6286
Mandarin (Beijing),Female,24,澡盆,35,understands,0
Mandarin (Beijing),Male,24,澡盆,35,produces,0.5429
Mandarin (Beijing),Male,24,澡盆,35,understands,0
Mandarin (Beijing),Female,25,澡盆,35,produces,0.8
Mandarin (Beijing),Female,25,澡盆,35,understands,0
Mandarin (Beijing),Male,25,澡盆,35,produces,0.6857
Mandarin (Beijing),Male,25,澡盆,35,understands,0
Mandarin (Beijing),Female,26,澡盆,36,produces,0.7778
Mandarin (Beijing),Female,26,澡盆,36,understands,0
Mandarin (Beijing),Male,26,澡盆,35,produces,0.6
Mandarin (Beijing),Male,26,澡盆,35,understands,0
Mandarin (Beijing),Female,27,澡盆,35,produces,0.7714
Mandarin (Beijing),Female,27,澡盆,35,understands,0
Mandarin (Beijing),Male,27,澡盆,35,produces,0.8286
Mandarin (Beijing),Male,27,澡盆,35,understands,0
Mandarin (Beijing),Female,28,澡盆,35,produces,0.8857
Mandarin (Beijing),Female,28,澡盆,35,understands,0
Mandarin (Beijing),Male,28,澡盆,35,produces,0.8571
Mandarin (Beijing),Male,28,澡盆,35,understands,0
Mandarin (Beijing),Female,29,澡盆,35,produces,0.8857
Mandarin (Beijing),Female,29,澡盆,35,understands,0
Mandarin (Beijing),Male,29,澡盆,35,produces,0.8857
Mandarin (Beijing),Male,29,澡盆,35,understands,0
Mandarin (Beijing),Female,30,澡盆,35,produces,0.9429
Mandarin (Beijing),Female,30,澡盆,35,understands,0
Mandarin (Beijing),Male,30,澡盆,35,produces,0.8286
Mandarin (Beijing),Male,30,澡盆,35,understands,0
Mandarin (Taiwanese),Female,16,浴缸,39,produces,0
Mandarin (Taiwanese),Female,16,浴缸,39,understands,0
Mandarin (Taiwanese),Male,16,浴缸,41,produces,0
Mandarin (Taiwanese),Male,16,浴缸,41,understands,0
Mandarin (Taiwanese),Female,17,浴缸,37,produces,0
Mandarin (Taiwanese),Female,17,浴缸,37,understands,0
Mandarin (Taiwanese),Male,17,浴缸,50,produces,0
Mandarin (Taiwanese),Male,17,浴缸,50,understands,0
Mandarin (Taiwanese),Female,18,浴缸,49,produces,0
Mandarin (Taiwanese),Female,18,浴缸,49,understands,0
Mandarin (Taiwanese),Male,18,浴缸,35,produces,0.0286
Mandarin (Taiwanese),Male,18,浴缸,35,understands,0
Mandarin (Taiwanese),Female,19,浴缸,42,produces,0.0238
Mandarin (Taiwanese),Female,19,浴缸,42,understands,0
Mandarin (Taiwanese),Male,19,浴缸,42,produces,0
Mandarin (Taiwanese),Male,19,浴缸,42,understands,0
Mandarin (Taiwanese),Female,20,浴缸,40,produces,0.025
Mandarin (Taiwanese),Female,20,浴缸,40,understands,0
Mandarin (Taiwanese),Male,20,浴缸,44,produces,0
Mandarin (Taiwanese),Male,20,浴缸,44,understands,0
Mandarin (Taiwanese),Female,21,浴缸,38,produces,0.0526
Mandarin (Taiwanese),Female,21,浴缸,38,understands,0
Mandarin (Taiwanese),Male,21,浴缸,50,produces,0.04
Mandarin (Taiwanese),Male,21,浴缸,50,understands,0
Mandarin (Taiwanese),Female,22,浴缸,48,produces,0.125
Mandarin (Taiwanese),Female,22,浴缸,48,understands,0
Mandarin (Taiwanese),Male,22,浴缸,48,produces,0.0417
Mandarin (Taiwanese),Male,22,浴缸,48,understands,0
Mandarin (Taiwanese),Female,23,浴缸,50,produces,0.1
Mandarin (Taiwanese),Female,23,浴缸,50,understands,0
Mandarin (Taiwanese),Male,23,浴缸,55,produces,0.0909
Mandarin (Taiwanese),Male,23,浴缸,55,understands,0
Mandarin (Taiwanese),Female,24,浴缸,65,produces,0.1538
Mandarin (Taiwanese),Female,24,浴缸,65,understands,0
Mandarin (Taiwanese),Male,24,浴缸,59,produces,0.0508
Mandarin (Taiwanese),Male,24,浴缸,59,understands,0
Mandarin (Taiwanese),Female,25,浴缸,60,produces,0.2
Mandarin (Taiwanese),Female,25,浴缸,60,understands,0
Mandarin (Taiwanese),Male,25,浴缸,50,produces,0.12
Mandarin (Taiwanese),Male,25,浴缸,50,understands,0
Mandarin (Taiwanese),Female,26,浴缸,38,produces,0.1579
Mandarin (Taiwanese),Female,26,浴缸,38,understands,0
Mandarin (Taiwanese),Male,26,浴缸,49,produces,0.102
Mandarin (Taiwanese),Male,26,浴缸,49,understands,0
Mandarin (Taiwanese),Female,27,浴缸,49,produces,0.2041
Mandarin (Taiwanese),Female,27,浴缸,49,understands,0
Mandarin (Taiwanese),Male,27,浴缸,43,produces,0.186
Mandarin (Taiwanese),Male,27,浴缸,43,understands,0
Mandarin (Taiwanese),Female,28,浴缸,50,produces,0.4
Mandarin (Taiwanese),Female,28,浴缸,50,understands,0
Mandarin (Taiwanese),Male,28,浴缸,50,produces,0.3
Mandarin (Taiwanese),Male,28,浴缸,50,understands,0
Mandarin (Taiwanese),Female,29,浴缸,41,produces,0.3415
Mandarin (Taiwanese),Female,29,浴缸,41,understands,0
Mandarin (Taiwanese),Male,29,浴缸,47,produces,0.2766
Mandarin (Taiwanese),Male,29,浴缸,47,understands,0
Mandarin (Taiwanese),Female,30,浴缸,44,produces,0.3864
Mandarin (Taiwanese),Female,30,浴缸,44,understands,0
Mandarin (Taiwanese),Male,30,浴缸,50,produces,0.28
Mandarin (Taiwanese),Male,30,浴缸,50,understands,0
Mandarin (Taiwanese),Female,31,浴缸,35,produces,0.5143
Mandarin (Taiwanese),Female,31,浴缸,35,understands,0
Mandarin (Taiwanese),Male,31,浴缸,53,produces,0.434
Mandarin (Taiwanese),Male,31,浴缸,53,understands,0
Mandarin (Taiwanese),Female,32,浴缸,43,produces,0.5581
Mandarin (Taiwanese),Female,32,浴缸,43,understands,0
Mandarin (Taiwanese),Male,32,浴缸,39,produces,0.3077
Mandarin (Taiwanese),Male,32,浴缸,39,understands,0
Mandarin (Taiwanese),Female,33,浴缸,45,produces,0.6222
Mandarin (Taiwanese),Female,33,浴缸,45,understands,0
Mandarin (Taiwanese),Male,33,浴缸,40,produces,0.575
Mandarin (Taiwanese),Male,33,浴缸,40,understands,0
Mandarin (Taiwanese),Female,34,浴缸,33,produces,0.5758
Mandarin (Taiwanese),Female,34,浴缸,33,understands,0
Mandarin (Taiwanese),Male,34,浴缸,44,produces,0.5
Mandarin (Taiwanese),Male,34,浴缸,44,understands,0
Mandarin (Taiwanese),Female,35,浴缸,42,produces,0.5238
Mandarin (Taiwanese),Female,35,浴缸,42,understands,0
Mandarin (Taiwanese),Male,35,浴缸,39,produces,0.5897
Mandarin (Taiwanese),Male,35,浴缸,39,understands,0
Mandarin (Taiwanese),Female,36,浴缸,38,produces,0.5789
Mandarin (Taiwanese),Female,36,浴缸,38,understands,0
Mandarin (Taiwanese),Male,36,浴缸,43,produces,0.5581
Mandarin (Taiwanese),Male,36,浴缸,43,understands,0
Norwegian,Female,8,badekar,45,produces,0
Norwegian,Female,8,badekar,45,understands,0
Norwegian,Male,8,badekar,32,produces,0.0625
Norwegian,Male,8,badekar,32,understands,0.0938
Norwegian,Female,9,badekar,71,produces,0
Norwegian,Female,9,badekar,71,understands,0.0986
Norwegian,Male,9,badekar,67,produces,0
Norwegian,Male,9,badekar,67,understands,0.0746
Norwegian,Female,10,badekar,97,produces,0
Norwegian,Female,10,badekar,97,understands,0.1237
Norwegian,Male,10,badekar,106,produces,0
Norwegian,Male,10,badekar,106,understands,0.1698
Norwegian,Female,11,badekar,129,produces,0.0078
Norwegian,Female,11,badekar,129,understands,0.155
Norwegian,Male,11,badekar,112,produces,0
Norwegian,Male,11,badekar,112,understands,0.1696
Norwegian,Female,12,badekar,102,produces,0
Norwegian,Female,12,badekar,102,understands,0.2549
Norwegian,Male,12,badekar,119,produces,0
Norwegian,Male,12,badekar,119,understands,0.2437
Norwegian,Female,13,badekar,124,produces,0.0081
Norwegian,Female,13,badekar,124,understands,0.2984
Norwegian,Male,13,badekar,122,produces,0.0246
Norwegian,Male,13,badekar,122,understands,0.3197
Norwegian,Female,14,badekar,141,produces,0.0355
Norwegian,Female,14,badekar,141,understands,0.4397
Norwegian,Male,14,badekar,128,produces,0.0156
Norwegian,Male,14,badekar,128,understands,0.3828
Norwegian,Female,15,badekar,133,produces,0.0376
Norwegian,Female,15,badekar,133,understands,0.4286
Norwegian,Male,15,badekar,106,produces,0.0283
Norwegian,Male,15,badekar,106,understands,0.3868
Norwegian,Female,16,badekar,165,produces,0.0667
Norwegian,Female,16,badekar,165,understands,0.4121
Norwegian,Male,16,badekar,181,produces,0.0276
Norwegian,Male,16,badekar,181,understands,0.2983
Norwegian,Female,17,badekar,236,produces,0.0339
Norwegian,Female,17,badekar,236,understands,0.2627
Norwegian,Male,17,badekar,199,produces,0.0402
Norwegian,Male,17,badekar,199,understands,0.3015
Norwegian,Female,18,badekar,246,produces,0.0976
Norwegian,Female,18,badekar,246,understands,0.2805
Norwegian,Male,18,badekar,248,produces,0.0444
Norwegian,Male,18,badekar,248,understands,0.3145
Norwegian,Female,19,badekar,240,produces,0.1292
Norwegian,Female,19,badekar,240,understands,0.3167
Norwegian,Male,19,badekar,264,produces,0.0871
Norwegian,Male,19,badekar,264,understands,0.2992
Norwegian,Female,20,badekar,301,produces,0.1528
Norwegian,Female,20,badekar,301,understands,0.3123
Norwegian,Male,20,badekar,300,produces,0.1333
Norwegian,Male,20,badekar,300,understands,0.33
Norwegian,Female,21,badekar,218,produces,0.2202
Norwegian,Female,21,badekar,218,understands,0
Norwegian,Male,21,badekar,200,produces,0.145
Norwegian,Male,21,badekar,200,understands,0
Norwegian,Female,22,badekar,304,produces,0.2928
Norwegian,Female,22,badekar,304,understands,0
Norwegian,Male,22,badekar,292,produces,0.1884
Norwegian,Male,22,badekar,292,understands,0
Norwegian,Female,23,badekar,285,produces,0.3719
Norwegian,Female,23,badekar,285,understands,0
Norwegian,Male,23,badekar,281,produces,0.242
Norwegian,Male,23,badekar,281,understands,0
Norwegian,Female,24,badekar,266,produces,0.4398
Norwegian,Female,24,badekar,266,understands,0
Norwegian,Male,24,badekar,272,produces,0.4118
Norwegian,Male,24,badekar,272,understands,0
Norwegian,Female,25,badekar,325,produces,0.5692
Norwegian,Female,25,badekar,325,understands,0
Norwegian,Male,25,badekar,331,produces,0.4532
Norwegian,Male,25,badekar,331,understands,0
Norwegian,Female,26,badekar,301,produces,0.691
Norwegian,Female,26,badekar,301,understands,0
Norwegian,Male,26,badekar,343,produces,0.519
Norwegian,Male,26,badekar,343,understands,0
Norwegian,Female,27,badekar,267,produces,0.7266
Norwegian,Female,27,badekar,267,understands,0
Norwegian,Male,27,badekar,258,produces,0.5814
Norwegian,Male,27,badekar,258,understands,0
Norwegian,Female,28,badekar,281,produces,0.7438
Norwegian,Female,28,badekar,281,understands,0
Norwegian,Male,28,badekar,263,produces,0.616
Norwegian,Male,28,badekar,263,understands,0
Norwegian,Female,29,badekar,252,produces,0.7937
Norwegian,Female,29,badekar,252,understands,0
Norwegian,Male,29,badekar,284,produces,0.6972
Norwegian,Male,29,badekar,284,understands,0
Norwegian,Female,30,badekar,213,produces,0.8075
Norwegian,Female,30,badekar,213,understands,0
Norwegian,Male,30,badekar,244,produces,0.7213
Norwegian,Male,30,badekar,244,understands,0
Norwegian,Female,31,badekar,229,produces,0.8559
Norwegian,Female,31,badekar,229,understands,0
Norwegian,Male,31,badekar,250,produces,0.768
Norwegian,Male,31,badekar,250,understands,0
Norwegian,Female,32,badekar,224,produces,0.9062
Norwegian,Female,32,badekar,224,understands,0
Norwegian,Male,32,badekar,227,produces,0.837
Norwegian,Male,32,badekar,227,understands,0
Norwegian,Female,33,badekar,213,produces,0.939
Norwegian,Female,33,badekar,213,understands,0
Norwegian,Male,33,badekar,217,produces,0.8525
Norwegian,Male,33,badekar,217,understands,0
Norwegian,Female,34,badekar,194,produces,0.933
Norwegian,Female,34,badekar,194,understands,0
Norwegian,Male,34,badekar,230,produces,0.8609
Norwegian,Male,34,badekar,230,understands,0
Norwegian,Female,35,badekar,230,produces,0.9348
Norwegian,Female,35,badekar,230,understands,0
Norwegian,Male,35,badekar,192,produces,0.8698
Norwegian,Male,35,badekar,192,understands,0
Norwegian,Female,36,badekar,170,produces,0.9471
Norwegian,Female,36,badekar,170,understands,0
Norwegian,Male,36,badekar,159,produces,0.8616
Norwegian,Male,36,badekar,159,understands,0
Russian,Female,8,ванна,25,produces,0
Russian,Female,8,ванна,25,understands,0.2
Russian,Male,8,ванна,34,produces,0
Russian,Male,8,ванна,34,understands,0.2059
Russian,Female,9,ванна,21,produces,0
Russian,Female,9,ванна,21,understands,0.2381
Russian,Male,9,ванна,21,produces,0
Russian,Male,9,ванна,21,understands,0.2381
Russian,Female,10,ванна,28,produces,0
Russian,Female,10,ванна,28,understands,0.3929
Russian,Male,10,ванна,35,produces,0
Russian,Male,10,ванна,35,understands,0.3429
Russian,Female,11,ванна,27,produces,0
Russian,Female,11,ванна,27,understands,0.4815
Russian,Male,11,ванна,44,produces,0
Russian,Male,11,ванна,44,understands,0.3636
Russian,Female,12,ванна,37,produces,0
Russian,Female,12,ванна,37,understands,0.6216
Russian,Male,12,ванна,39,produces,0
Russian,Male,12,ванна,39,understands,0.5641
Russian,Female,13,ванна,34,produces,0
Russian,Female,13,ванна,34,understands,0.5
Russian,Male,13,ванна,39,produces,0.0256
Russian,Male,13,ванна,39,understands,0.6923
Russian,Female,14,ванна,43,produces,0.0233
Russian,Female,14,ванна,43,understands,0.7674
Russian,Male,14,ванна,36,produces,0
Russian,Male,14,ванна,36,understands,0.75
Russian,Female,15,ванна,39,produces,0.0769
Russian,Female,15,ванна,39,understands,0.8974
Russian,Male,15,ванна,42,produces,0
Russian,Male,15,ванна,42,understands,0.7143
Russian,Female,16,ванна,37,produces,0.027
Russian,Female,16,ванна,37,understands,0.8108
Russian,Male,16,ванна,43,produces,0.0233
Russian,Male,16,ванна,43,understands,0.8837
Russian,Female,17,ванна,36,produces,0.1944
Russian,Female,17,ванна,36,understands,0.9444
Russian,Male,17,ванна,44,produces,0.0227
Russian,Male,17,ванна,44,understands,0.7273
Russian,Female,18,ванна,48,produces,0.0625
Russian,Female,18,ванна,48,understands,0.4167
Russian,Male,18,ванна,57,produces,0.0351
Russian,Male,18,ванна,57,understands,0.6667
Russian,Female,19,ванна,22,produces,0.0909
Russian,Female,19,ванна,22,understands,0
Russian,Male,19,ванна,19,produces,0.1053
Russian,Male,19,ванна,19,understands,0
Russian,Female,20,ванна,18,produces,0.2222
Russian,Female,20,ванна,18,understands,0
Russian,Male,20,ванна,27,produces,0.1852
Russian,Male,20,ванна,27,understands,0
Russian,Female,21,ванна,22,produces,0.3182
Russian,Female,21,ванна,22,understands,0
Russian,Male,21,ванна,21,produces,0.3333
Russian,Male,21,ванна,21,understands,0
Russian,Female,22,ванна,29,produces,0.4138
Russian,Female,22,ванна,29,understands,0
Russian,Male,22,ванна,22,produces,0.5
Russian,Male,22,ванна,22,understands,0
Russian,Female,23,ванна,37,produces,0.4865
Russian,Female,23,ванна,37,understands,0
Russian,Male,23,ванна,19,produces,0.2632
Russian,Male,23,ванна,19,understands,0
Russian,Female,24,ванна,28,produces,0.4643
Russian,Female,24,ванна,28,understands,0
Russian,Male,24,ванна,33,produces,0.5152
Russian,Male,24,ванна,33,understands,0
Russian,Female,25,ванна,39,produces,0.5385
Russian,Female,25,ванна,39,understands,0
Russian,Male,25,ванна,27,produces,0.4815
Russian,Male,25,ванна,27,understands,0
Russian,Female,26,ванна,26,produces,0.6154
Russian,Female,26,ванна,26,understands,0
Russian,Male,26,ванна,26,produces,0.4615
Russian,Male,26,ванна,26,understands,0
Russian,Female,27,ванна,37,produces,0.7027
Russian,Female,27,ванна,37,understands,0
Russian,Male,27,ванна,23,produces,0.6087
Russian,Male,27,ванна,23,understands,0
Russian,Female,28,ванна,28,produces,0.8929
Russian,Female,28,ванна,28,understands,0
Russian,Male,28,ванна,32,produces,0.6562
Russian,Male,28,ванна,32,understands,0
Russian,Female,29,ванна,30,produces,0.8
Russian,Female,29,ванна,30,understands,0
Russian,Male,29,ванна,27,produces,0.8148
Russian,Male,29,ванна,27,understands,0
Russian,Female,30,ванна,42,produces,0.7857
Russian,Female,30,ванна,42,understands,0
Russian,Male,30,ванна,35,produces,0.6857
Russian,Male,30,ванна,35,understands,0
Russian,Female,31,ванна,32,produces,0.9062
Russian,Female,31,ванна,32,understands,0
Russian,Male,31,ванна,29,produces,0.8276
Russian,Male,31,ванна,29,understands,0
Russian,Female,32,ванна,29,produces,0.8621
Russian,Female,32,ванна,29,understands,0
Russian,Male,32,ванна,26,produces,0.7308
Russian,Male,32,ванна,26,understands,0
Russian,Female,33,ванна,27,produces,0.9259
Russian,Female,33,ванна,27,understands,0
Russian,Male,33,ванна,28,produces,0.8571
Russian,Male,33,ванна,28,understands,0
Russian,Female,34,ванна,31,produces,0.9355
Russian,Female,34,ванна,31,understands,0
Russian,Male,34,ванна,27,produces,0.9259
Russian,Male,34,ванна,27,understands,0
Russian,Female,35,ванна,22,produces,0.8182
Russian,Female,35,ванна,22,understands,0
Russian,Male,35,ванна,25,produces,0.92
Russian,Male,35,ванна,25,understands,0
Russian,Female,36,ванна,27,produces,0.8889
Russian,Female,36,ванна,27,understands,0
Russian,Male,36,ванна,22,produces,0.9545
Russian,Male,36,ванна,22,understands,0
Slovak,Female,17,vaňa,39,produces,0.0513
Slovak,Female,17,vaňa,39,understands,0
Slovak,Male,17,vaňa,31,produces,0.0645
Slovak,Male,17,vaňa,31,understands,0
Slovak,Female,18,vaňa,30,produces,0.1333
Slovak,Female,18,vaňa,30,understands,0
Slovak,Male,18,vaňa,35,produces,0.1714
Slovak,Male,18,vaňa,35,understands,0
Slovak,Female,19,vaňa,30,produces,0.2333
Slovak,Female,19,vaňa,30,understands,0
Slovak,Male,19,vaňa,26,produces,0.0385
Slovak,Male,19,vaňa,26,understands,0
Slovak,Female,20,vaňa,33,produces,0.3939
Slovak,Female,20,vaňa,33,understands,0
Slovak,Male,20,vaňa,29,produces,0.1724
Slovak,Male,20,vaňa,29,understands,0
Slovak,Female,21,vaňa,40,produces,0.35
Slovak,Female,21,vaňa,40,understands,0
Slovak,Male,21,vaňa,41,produces,0.3902
Slovak,Male,21,vaňa,41,understands,0
Slovak,Female,22,vaňa,27,produces,0.5926
Slovak,Female,22,vaňa,27,understands,0
Slovak,Male,22,vaňa,26,produces,0.1923
Slovak,Male,22,vaňa,26,understands,0
Slovak,Female,23,vaňa,28,produces,0.5357
Slovak,Female,23,vaňa,28,understands,0
Slovak,Male,23,vaňa,31,produces,0.3871
Slovak,Male,23,vaňa,31,understands,0
Slovak,Female,24,vaňa,28,produces,0.6071
Slovak,Female,24,vaňa,28,understands,0
Slovak,Male,24,vaňa,31,produces,0.5806
Slovak,Male,24,vaňa,31,understands,0
Slovak,Female,25,vaňa,35,produces,0.7143
Slovak,Female,25,vaňa,35,understands,0
Slovak,Male,25,vaňa,34,produces,0.5
Slovak,Male,25,vaňa,34,understands,0
Slovak,Female,26,vaňa,43,produces,0.8605
Slovak,Female,26,vaňa,43,understands,0
Slovak,Male,26,vaňa,35,produces,0.6857
Slovak,Male,26,vaňa,35,understands,0
Slovak,Female,27,vaňa,33,produces,0.9394
Slovak,Female,27,vaňa,33,understands,0
Slovak,Male,27,vaňa,29,produces,0.6552
Slovak,Male,27,vaňa,29,understands,0
Slovak,Female,28,vaňa,48,produces,0.7292
Slovak,Female,28,vaňa,48,understands,0
Slovak,Male,28,vaňa,38,produces,0.7895
Slovak,Male,28,vaňa,38,understands,0
Slovak,Female,29,vaňa,36,produces,0.8611
Slovak,Female,29,vaňa,36,understands,0
Slovak,Male,29,vaňa,39,produces,0.7692
Slovak,Male,29,vaňa,39,understands,0
Slovak,Female,30,vaňa,19,produces,0.8421
Slovak,Female,30,vaňa,19,understands,0
Slovak,Male,30,vaňa,30,produces,0.7667
Slovak,Male,30,vaňa,30,understands,0
Slovak,Female,31,vaňa,16,produces,0.75
Slovak,Female,31,vaňa,16,understands,0
Slovak,Male,31,vaňa,13,produces,0.7692
Slovak,Male,31,vaňa,13,understands,0
Slovak,Female,32,vaňa,12,produces,1
Slovak,Female,32,vaňa,12,understands,0
Slovak,Male,32,vaňa,13,produces,0.9231
Slovak,Male,32,vaňa,13,understands,0
Slovak,Female,33,vaňa,12,produces,1
Slovak,Female,33,vaňa,12,understands,0
Slovak,Male,33,vaňa,10,produces,0.8
Slovak,Male,33,vaňa,10,understands,0
Slovak,Female,34,vaňa,17,produces,0.8824
Slovak,Female,34,vaňa,17,understands,0
Slovak,Male,34,vaňa,10,produces,0.6
Slovak,Male,34,vaňa,10,understands,0
Slovak,Female,35,vaňa,9,produces,1
Slovak,Female,35,vaňa,9,understands,0
Slovak,Male,35,vaňa,18,produces,0.7778
Slovak,Male,35,vaňa,18,understands,0
Slovak,Female,36,vaňa,2,produces,1
Slovak,Female,36,vaňa,2,understands,0
Slovak,Male,36,vaňa,6,produces,0.8333
Slovak,Male,36,vaňa,6,understands,0
Spanish (Argentinian),Female,16,bañadera,30,produces,0.1
Spanish (Argentinian),Female,16,bañadera,30,understands,0
Spanish (Argentinian),Male,16,bañadera,17,produces,0.0588
Spanish (Argentinian),Male,16,bañadera,17,understands,0
Spanish (Argentinian),Female,17,bañadera,20,produces,0.05
Spanish (Argentinian),Female,17,bañadera,20,understands,0
Spanish (Argentinian),Male,17,bañadera,29,produces,0.0345
Spanish (Argentinian),Male,17,bañadera,29,understands,0
Spanish (Argentinian),Female,18,bañadera,43,produces,0.0465
Spanish (Argentinian),Female,18,bañadera,43,understands,0
Spanish (Argentinian),Male,18,bañadera,19,produces,0.0526
Spanish (Argentinian),Male,18,bañadera,19,understands,0
Spanish (Argentinian),Female,19,bañadera,25,produces,0.12
Spanish (Argentinian),Female,19,bañadera,25,understands,0
Spanish (Argentinian),Male,19,bañadera,19,produces,0.0526
Spanish (Argentinian),Male,19,bañadera,19,understands,0
Spanish (Argentinian),Female,20,bañadera,22,produces,0.0909
Spanish (Argentinian),Female,20,bañadera,22,understands,0
Spanish (Argentinian),Male,20,bañadera,24,produces,0.0833
Spanish (Argentinian),Male,20,bañadera,24,understands,0
Spanish (Argentinian),Female,21,bañadera,15,produces,0.0667
Spanish (Argentinian),Female,21,bañadera,15,understands,0
Spanish (Argentinian),Male,21,bañadera,26,produces,0.0769
Spanish (Argentinian),Male,21,bañadera,26,understands,0
Spanish (Argentinian),Female,22,bañadera,25,produces,0.24
Spanish (Argentinian),Female,22,bañadera,25,understands,0
Spanish (Argentinian),Male,22,bañadera,32,produces,0.125
Spanish (Argentinian),Male,22,bañadera,32,understands,0
Spanish (Argentinian),Female,23,bañadera,30,produces,0.1667
Spanish (Argentinian),Female,23,bañadera,30,understands,0
Spanish (Argentinian),Male,23,bañadera,19,produces,0.2105
Spanish (Argentinian),Male,23,bañadera,19,understands,0
Spanish (Argentinian),Female,24,bañadera,44,produces,0.25
Spanish (Argentinian),Female,24,bañadera,44,understands,0
Spanish (Argentinian),Male,24,bañadera,31,produces,0.2581
Spanish (Argentinian),Male,24,bañadera,31,understands,0
Spanish (Argentinian),Female,25,bañadera,24,produces,0.25
Spanish (Argentinian),Female,25,bañadera,24,understands,0
Spanish (Argentinian),Male,25,bañadera,19,produces,0.4211
Spanish (Argentinian),Male,25,bañadera,19,understands,0
Spanish (Argentinian),Female,26,bañadera,17,produces,0.2941
Spanish (Argentinian),Female,26,bañadera,17,understands,0
Spanish (Argentinian),Male,26,bañadera,28,produces,0.2143
Spanish (Argentinian),Male,26,bañadera,28,understands,0
Spanish (Argentinian),Female,27,bañadera,18,produces,0.3333
Spanish (Argentinian),Female,27,bañadera,18,understands,0
Spanish (Argentinian),Male,27,bañadera,26,produces,0.2692
Spanish (Argentinian),Male,27,bañadera,26,understands,0
Spanish (Argentinian),Female,28,bañadera,18,produces,0.2222
Spanish (Argentinian),Female,28,bañadera,18,understands,0
Spanish (Argentinian),Male,28,bañadera,24,produces,0.2917
Spanish (Argentinian),Male,28,bañadera,24,understands,0
Spanish (Argentinian),Female,29,bañadera,36,produces,0.4444
Spanish (Argentinian),Female,29,bañadera,36,understands,0
Spanish (Argentinian),Male,29,bañadera,29,produces,0.3103
Spanish (Argentinian),Male,29,bañadera,29,understands,0
Spanish (Argentinian),Female,30,bañadera,31,produces,0.5484
Spanish (Argentinian),Female,30,bañadera,31,understands,0
Spanish (Argentinian),Male,30,bañadera,38,produces,0.4474
Spanish (Argentinian),Male,30,bañadera,38,understands,0
Spanish (Argentinian),Female,31,bañadera,1,produces,0
Spanish (Argentinian),Female,31,bañadera,1,understands,0
Spanish (Argentinian),Male,31,bañadera,1,produces,0
Spanish (Argentinian),Male,31,bañadera,1,understands,0
Spanish (Argentinian),Female,32,bañadera,1,produces,1
Spanish (Argentinian),Female,32,bañadera,1,understands,0
Spanish (Argentinian),Male,33,bañadera,2,produces,0
Spanish (Argentinian),Male,33,bañadera,2,understands,0
Spanish (Chilean),Female,8,tina,6,produces,0
Spanish (Chilean),Female,8,tina,6,understands,0.1667
Spanish (Chilean),Male,8,tina,3,produces,0
Spanish (Chilean),Male,8,tina,3,understands,0
Spanish (Chilean),Female,9,tina,2,produces,0
Spanish (Chilean),Female,9,tina,2,understands,0
Spanish (Chilean),Male,9,tina,2,produces,0
Spanish (Chilean),Male,9,tina,2,understands,0
Spanish (Chilean),Female,10,tina,5,produces,0
Spanish (Chilean),Female,10,tina,5,understands,0.4
Spanish (Chilean),Male,10,tina,4,produces,0
Spanish (Chilean),Male,10,tina,4,understands,0.25
Spanish (Chilean),Female,11,tina,4,produces,0
Spanish (Chilean),Female,11,tina,4,understands,0
Spanish (Chilean),Male,11,tina,4,produces,0
Spanish (Chilean),Male,11,tina,4,understands,0.5
Spanish (Chilean),Female,12,tina,4,produces,0
Spanish (Chilean),Female,12,tina,4,understands,0.25
Spanish (Chilean),Male,12,tina,1,produces,0
Spanish (Chilean),Male,12,tina,1,understands,0
Spanish (Chilean),Female,13,tina,2,produces,0
Spanish (Chilean),Female,13,tina,2,understands,0.5
Spanish (Chilean),Male,13,tina,2,produces,0
Spanish (Chilean),Male,13,tina,2,understands,0
Spanish (Chilean),Female,14,tina,2,produces,0
Spanish (Chilean),Female,14,tina,2,understands,1
Spanish (Chilean),Male,14,tina,4,produces,0
Spanish (Chilean),Male,14,tina,4,understands,0.25
Spanish (Chilean),Female,15,tina,1,produces,0
Spanish (Chilean),Female,15,tina,1,understands,0
Spanish (Chilean),Male,15,tina,4,produces,0
Spanish (Chilean),Male,15,tina,4,understands,0.5
Spanish (European),Female,8,bañera,30,produces,0
Spanish (European),Female,8,bañera,30,understands,0.1333
Spanish (European),Male,8,bañera,22,produces,0
Spanish (European),Male,8,bañera,22,understands,0.3636
Spanish (European),Female,9,bañera,25,produces,0
Spanish (European),Female,9,bañera,25,understands,0.28
Spanish (European),Male,9,bañera,20,produces,0
Spanish (European),Male,9,bañera,20,understands,0.3
Spanish (European),Female,10,bañera,31,produces,0
Spanish (European),Female,10,bañera,31,understands,0.3871
Spanish (European),Male,10,bañera,18,produces,0
Spanish (European),Male,10,bañera,18,understands,0.1111
Spanish (European),Female,11,bañera,19,produces,0
Spanish (European),Female,11,bañera,19,understands,0.4737
Spanish (European),Male,11,bañera,17,produces,0
Spanish (European),Male,11,bañera,17,understands,0.5294
Spanish (European),Female,12,bañera,28,produces,0
Spanish (European),Female,12,bañera,28,understands,0.3929
Spanish (European),Male,12,bañera,24,produces,0.0417
Spanish (European),Male,12,bañera,24,understands,0.625
Spanish (European),Female,13,bañera,29,produces,0
Spanish (European),Female,13,bañera,29,understands,0.6552
Spanish (European),Male,13,bañera,29,produces,0.0345
Spanish (European),Male,13,bañera,29,understands,0.5172
Spanish (European),Female,14,bañera,29,produces,0
Spanish (European),Female,14,bañera,29,understands,0.6552
Spanish (European),Male,14,bañera,26,produces,0.0385
Spanish (European),Male,14,bañera,26,understands,0.6154
Spanish (European),Female,15,bañera,32,produces,0.0312
Spanish (European),Female,15,bañera,32,understands,0.6562
Spanish (European),Male,15,bañera,33,produces,0
Spanish (European),Male,15,bañera,33,understands,0.7576
Spanish (European),Female,16,bañera,19,produces,0.1053
Spanish (European),Female,16,bañera,19,understands,0
Spanish (European),Male,16,bañera,20,produces,0
Spanish (European),Male,16,bañera,20,understands,0
Spanish (European),Female,17,bañera,21,produces,0.0476
Spanish (European),Female,17,bañera,21,understands,0
Spanish (European),Male,17,bañera,18,produces,0.1111
Spanish (European),Male,17,bañera,18,understands,0
Spanish (European),Female,18,bañera,27,produces,0.0741
Spanish (European),Female,18,bañera,27,understands,0
Spanish (European),Male,18,bañera,23,produces,0
Spanish (European),Male,18,bañera,23,understands,0
Spanish (European),Female,19,bañera,16,produces,0.125
Spanish (European),Female,19,bañera,16,understands,0
Spanish (European),Male,19,bañera,11,produces,0.0909
Spanish (European),Male,19,bañera,11,understands,0
Spanish (European),Female,20,bañera,17,produces,0.2353
Spanish (European),Female,20,bañera,17,understands,0
Spanish (European),Male,20,bañera,19,produces,0.1579
Spanish (European),Male,20,bañera,19,understands,0
Spanish (European),Female,21,bañera,23,produces,0.4783
Spanish (European),Female,21,bañera,23,understands,0
Spanish (European),Male,21,bañera,18,produces,0.4444
Spanish (European),Male,21,bañera,18,understands,0
Spanish (European),Female,22,bañera,18,produces,0.3333
Spanish (European),Female,22,bañera,18,understands,0
Spanish (European),Male,22,bañera,20,produces,0.4
Spanish (European),Male,22,bañera,20,understands,0
Spanish (European),Female,23,bañera,15,produces,0.4
Spanish (European),Female,23,bañera,15,understands,0
Spanish (European),Male,23,bañera,15,produces,0.5333
Spanish (European),Male,23,bañera,15,understands,0
Spanish (European),Female,24,bañera,31,produces,0.6774
Spanish (European),Female,24,bañera,31,understands,0
Spanish (European),Male,24,bañera,24,produces,0.5
Spanish (European),Male,24,bañera,24,understands,0
Spanish (European),Female,25,bañera,16,produces,0.75
Spanish (European),Female,25,bañera,16,understands,0
Spanish (European),Male,25,bañera,19,produces,0.5263
Spanish (European),Male,25,bañera,19,understands,0
Spanish (European),Female,26,bañera,22,produces,0.8636
Spanish (European),Female,26,bañera,22,understands,0
Spanish (European),Male,26,bañera,27,produces,0.7407
Spanish (European),Male,26,bañera,27,understands,0
Spanish (European),Female,27,bañera,16,produces,0.8125
Spanish (European),Female,27,bañera,16,understands,0
Spanish (European),Male,27,bañera,18,produces,0.8333
Spanish (European),Male,27,bañera,18,understands,0
Spanish (European),Female,28,bañera,20,produces,0.75
Spanish (European),Female,28,bañera,20,understands,0
Spanish (European),Male,28,bañera,18,produces,0.6667
Spanish (European),Male,28,bañera,18,understands,0
Spanish (European),Female,29,bañera,18,produces,1
Spanish (European),Female,29,bañera,18,understands,0
Spanish (European),Male,29,bañera,23,produces,0.8696
Spanish (European),Male,29,bañera,23,understands,0
Spanish (European),Female,30,bañera,17,produces,0.8235
Spanish (European),Female,30,bañera,17,understands,0
Spanish (European),Male,30,bañera,24,produces,0.7083
Spanish (European),Male,30,bañera,24,understands,0
Spanish (Mexican),Female,8,tina,18,produces,0
Spanish (Mexican),Female,8,tina,18,understands,0.4444
Spanish (Mexican),Male,8,tina,22,produces,0
Spanish (Mexican),Male,8,tina,22,understands,0.3182
Spanish (Mexican),Female,9,tina,31,produces,0
Spanish (Mexican),Female,9,tina,31,understands,0.3871
Spanish (Mexican),Male,9,tina,33,produces,0
Spanish (Mexican),Male,9,tina,33,understands,0.2727
Spanish (Mexican),Female,10,tina,30,produces,0
Spanish (Mexican),Female,10,tina,30,understands,0.2
Spanish (Mexican),Male,10,tina,41,produces,0
Spanish (Mexican),Male,10,tina,41,understands,0.0244
Spanish (Mexican),Female,11,tina,34,produces,0
Spanish (Mexican),Female,11,tina,34,understands,0.2941
Spanish (Mexican),Male,11,tina,33,produces,0
Spanish (Mexican),Male,11,tina,33,understands,0.1515
Spanish (Mexican),Female,12,tina,38,produces,0.0263
Spanish (Mexican),Female,12,tina,38,understands,0.2368
Spanish (Mexican),Male,12,tina,51,produces,0
Spanish (Mexican),Male,12,tina,51,understands,0.3529
Spanish (Mexican),Female,13,tina,44,produces,0
Spanish (Mexican),Female,13,tina,44,understands,0.3182
Spanish (Mexican),Male,13,tina,39,produces,0.0513
Spanish (Mexican),Male,13,tina,39,understands,0.4615
Spanish (Mexican),Female,14,tina,45,produces,0.0667
Spanish (Mexican),Female,14,tina,45,understands,0.3778
Spanish (Mexican),Male,14,tina,31,produces,0.0323
Spanish (Mexican),Male,14,tina,31,understands,0.2903
Spanish (Mexican),Female,15,tina,28,produces,0.0357
Spanish (Mexican),Female,15,tina,28,understands,0.5
Spanish (Mexican),Male,15,tina,33,produces,0
Spanish (Mexican),Male,15,tina,33,understands,0.4545
Spanish (Mexican),Female,16,tina,74,produces,0.1757
Spanish (Mexican),Female,16,tina,74,understands,0.3649
Spanish (Mexican),Male,16,tina,78,produces,0.1154
Spanish (Mexican),Male,16,tina,78,understands,0.2308
Spanish (Mexican),Female,17,tina,66,produces,0.2424
Spanish (Mexican),Female,17,tina,66,understands,0.303
Spanish (Mexican),Male,17,tina,58,produces,0.1379
Spanish (Mexican),Male,17,tina,58,understands,0.431
Spanish (Mexican),Female,18,tina,79,produces,0.2278
Spanish (Mexican),Female,18,tina,79,understands,0.4051
Spanish (Mexican),Male,18,tina,84,produces,0.1786
Spanish (Mexican),Male,18,tina,84,understands,0.3214
Spanish (Mexican),Female,19,tina,47,produces,0.1915
Spanish (Mexican),Female,19,tina,47,understands,0
Spanish (Mexican),Male,19,tina,53,produces,0.3019
Spanish (Mexican),Male,19,tina,53,understands,0
Spanish (Mexican),Female,20,tina,53,produces,0.4151
Spanish (Mexican),Female,20,tina,53,understands,0
Spanish (Mexican),Male,20,tina,54,produces,0.2407
Spanish (Mexican),Male,20,tina,54,understands,0
Spanish (Mexican),Female,21,tina,37,produces,0.2703
Spanish (Mexican),Female,21,tina,37,understands,0
Spanish (Mexican),Male,21,tina,47,produces,0.3191
Spanish (Mexican),Male,21,tina,47,understands,0
Spanish (Mexican),Female,22,tina,64,produces,0.2812
Spanish (Mexican),Female,22,tina,64,understands,0
Spanish (Mexican),Male,22,tina,67,produces,0.2985
Spanish (Mexican),Male,22,tina,67,understands,0
Spanish (Mexican),Female,23,tina,49,produces,0.2857
Spanish (Mexican),Female,23,tina,49,understands,0
Spanish (Mexican),Male,23,tina,42,produces,0.3333
Spanish (Mexican),Male,23,tina,42,understands,0
Spanish (Mexican),Female,24,tina,63,produces,0.4127
Spanish (Mexican),Female,24,tina,63,understands,0
Spanish (Mexican),Male,24,tina,63,produces,0.4762
Spanish (Mexican),Male,24,tina,63,understands,0
Spanish (Mexican),Female,25,tina,78,produces,0.2436
Spanish (Mexican),Female,25,tina,78,understands,0
Spanish (Mexican),Male,25,tina,89,produces,0.382
Spanish (Mexican),Male,25,tina,89,understands,0
Spanish (Mexican),Female,26,tina,38,produces,0.5
Spanish (Mexican),Female,26,tina,38,understands,0
Spanish (Mexican),Male,26,tina,45,produces,0.3111
Spanish (Mexican),Male,26,tina,45,understands,0
Spanish (Mexican),Female,27,tina,45,produces,0.7111
Spanish (Mexican),Female,27,tina,45,understands,0
Spanish (Mexican),Male,27,tina,40,produces,0.5
Spanish (Mexican),Male,27,tina,40,understands,0
Spanish (Mexican),Female,28,tina,44,produces,0.75
Spanish (Mexican),Female,28,tina,44,understands,0
Spanish (Mexican),Male,28,tina,45,produces,0.6222
Spanish (Mexican),Male,28,tina,45,understands,0
Spanish (Mexican),Female,29,tina,51,produces,0.7451
Spanish (Mexican),Female,29,tina,51,understands,0
Spanish (Mexican),Male,29,tina,38,produces,0.6316
Spanish (Mexican),Male,29,tina,38,understands,0
Spanish (Mexican),Female,30,tina,146,produces,0.3767
Spanish (Mexican),Female,30,tina,146,understands,0
Spanish (Mexican),Male,30,tina,152,produces,0.2632
Spanish (Mexican),Male,30,tina,152,understands,0
Spanish (Peruvian),Female,8,tina,6,produces,0
Spanish (Peruvian),Female,8,tina,6,understands,0
Spanish (Peruvian),Male,8,tina,3,produces,0
Spanish (Peruvian),Male,8,tina,3,understands,0.6667
Spanish (Peruvian),Female,9,tina,8,produces,0
Spanish (Peruvian),Female,9,tina,8,understands,0.25
Spanish (Peruvian),Male,9,tina,4,produces,0
Spanish (Peruvian),Male,9,tina,4,understands,0.5
Spanish (Peruvian),Female,10,tina,4,produces,0
Spanish (Peruvian),Female,10,tina,4,understands,0.5
Spanish (Peruvian),Male,10,tina,3,produces,0
Spanish (Peruvian),Male,10,tina,3,understands,0.3333
Spanish (Peruvian),Female,11,tina,12,produces,0
Spanish (Peruvian),Female,11,tina,12,understands,0.3333
Spanish (Peruvian),Male,11,tina,6,produces,0
Spanish (Peruvian),Male,11,tina,6,understands,0.3333
Spanish (Peruvian),Female,12,tina,7,produces,0
Spanish (Peruvian),Female,12,tina,7,understands,0.4286
Spanish (Peruvian),Male,12,tina,7,produces,0
Spanish (Peruvian),Male,12,tina,7,understands,0.2857
Spanish (Peruvian),Female,13,tina,2,produces,0
Spanish (Peruvian),Female,13,tina,2,understands,0.5
Spanish (Peruvian),Male,13,tina,7,produces,0
Spanish (Peruvian),Male,13,tina,7,understands,0.2857
Spanish (Peruvian),Female,14,tina,3,produces,0
Spanish (Peruvian),Female,14,tina,3,understands,0.6667
Spanish (Peruvian),Male,14,tina,5,produces,0
Spanish (Peruvian),Male,14,tina,5,understands,0.6
Spanish (Peruvian),Female,15,tina,4,produces,0
Spanish (Peruvian),Female,15,tina,4,understands,0.25
Spanish (Peruvian),Male,15,tina,6,produces,0
Spanish (Peruvian),Male,15,tina,6,understands,0.5
Spanish (Peruvian),Female,16,tina,6,produces,0
Spanish (Peruvian),Female,16,tina,6,understands,0
Spanish (Peruvian),Male,16,tina,7,produces,0
Spanish (Peruvian),Male,16,tina,7,understands,0
Spanish (Peruvian),Female,17,tina,5,produces,0
Spanish (Peruvian),Female,17,tina,5,understands,0
Spanish (Peruvian),Male,17,tina,4,produces,0.25
Spanish (Peruvian),Male,17,tina,4,understands,0
Spanish (Peruvian),Female,18,tina,4,produces,0
Spanish (Peruvian),Female,18,tina,4,understands,0
Spanish (Peruvian),Female,19,tina,3,produces,0
Spanish (Peruvian),Female,19,tina,3,understands,0
Spanish (Peruvian),Male,19,tina,9,produces,0.1111
Spanish (Peruvian),Male,19,tina,9,understands,0
Spanish (Peruvian),Male,20,tina,1,produces,0
Spanish (Peruvian),Male,20,tina,1,understands,0
Spanish (Peruvian),Female,21,tina,3,produces,0.3333
Spanish (Peruvian),Female,21,tina,3,understands,0
Spanish (Peruvian),Male,21,tina,2,produces,0
Spanish (Peruvian),Male,21,tina,2,understands,0
Spanish (Peruvian),Female,22,tina,4,produces,0.25
Spanish (Peruvian),Female,22,tina,4,understands,0
Spanish (Peruvian),Male,22,tina,5,produces,0
Spanish (Peruvian),Male,22,tina,5,understands,0
Spanish (Peruvian),Female,23,tina,1,produces,1
Spanish (Peruvian),Female,23,tina,1,understands,0
Spanish (Peruvian),Female,24,tina,7,produces,0.1429
Spanish (Peruvian),Female,24,tina,7,understands,0
Spanish (Peruvian),Male,24,tina,8,produces,0.125
Spanish (Peruvian),Male,24,tina,8,understands,0
Spanish (Peruvian),Female,25,tina,2,produces,0
Spanish (Peruvian),Female,25,tina,2,understands,0
Spanish (Peruvian),Male,25,tina,3,produces,0
Spanish (Peruvian),Male,25,tina,3,understands,0
Spanish (Peruvian),Female,26,tina,3,produces,0
Spanish (Peruvian),Female,26,tina,3,understands,0
Spanish (Peruvian),Male,26,tina,5,produces,0.2
Spanish (Peruvian),Male,26,tina,5,understands,0
Spanish (Peruvian),Female,27,tina,3,produces,0
Spanish (Peruvian),Female,27,tina,3,understands,0
Spanish (Peruvian),Male,27,tina,4,produces,0.25
Spanish (Peruvian),Male,27,tina,4,understands,0
Spanish (Peruvian),Female,28,tina,3,produces,0
Spanish (Peruvian),Female,28,tina,3,understands,0
Spanish (Peruvian),Male,28,tina,5,produces,0.8
Spanish (Peruvian),Male,28,tina,5,understands,0
Spanish (Peruvian),Female,29,tina,1,produces,1
Spanish (Peruvian),Female,29,tina,1,understands,0
Spanish (Peruvian),Male,29,tina,5,produces,0.4
Spanish (Peruvian),Male,29,tina,5,understands,0
Spanish (Peruvian),Female,30,tina,1,produces,1
Spanish (Peruvian),Female,30,tina,1,understands,0
Spanish (Peruvian),Male,30,tina,1,produces,0
Spanish (Peruvian),Male,30,tina,1,understands,0
Swedish,Female,8,badkar,11,produces,0
Swedish,Female,8,badkar,11,understands,0
Swedish,Male,8,badkar,15,produces,0
Swedish,Male,8,badkar,15,understands,0
Swedish,Female,9,badkar,1,produces,0
Swedish,Female,9,badkar,1,understands,0
Swedish,Male,9,badkar,1,produces,0
Swedish,Male,9,badkar,1,understands,1
Swedish,Female,10,badkar,27,produces,0
Swedish,Female,10,badkar,27,understands,0.1111
Swedish,Male,10,badkar,27,produces,0
Swedish,Male,10,badkar,27,understands,0.037
Swedish,Female,11,badkar,2,produces,0
Swedish,Female,11,badkar,2,understands,0
Swedish,Male,11,badkar,1,produces,0
Swedish,Male,11,badkar,1,understands,0
Swedish,Female,12,badkar,42,produces,0
Swedish,Female,12,badkar,42,understands,0.119
Swedish,Male,12,badkar,37,produces,0
Swedish,Male,12,badkar,37,understands,0.2703
Swedish,Female,13,badkar,4,produces,0
Swedish,Female,13,badkar,4,understands,0
Swedish,Male,13,badkar,3,produces,0
Swedish,Male,13,badkar,3,understands,0
Swedish,Female,14,badkar,63,produces,0
Swedish,Female,14,badkar,63,understands,0.3333
Swedish,Male,14,badkar,61,produces,0
Swedish,Male,14,badkar,61,understands,0.4918
Swedish,Female,15,badkar,10,produces,0
Swedish,Female,15,badkar,10,understands,0.3
Swedish,Male,15,badkar,3,produces,0
Swedish,Male,15,badkar,3,understands,1
Swedish,Female,16,badkar,171,produces,0.0058
Swedish,Female,16,badkar,171,understands,0.269
Swedish,Male,16,badkar,142,produces,0.0282
Swedish,Male,16,badkar,142,understands,0.3169
Swedish,Female,19,badkar,85,produces,0.0235
Swedish,Female,19,badkar,85,understands,0
Swedish,Male,19,badkar,65,produces,0.0769
Swedish,Male,19,badkar,65,understands,0
Swedish,Female,22,badkar,162,produces,0.1358
Swedish,Female,22,badkar,162,understands,0
Swedish,Male,22,badkar,143,produces,0.1678
Swedish,Male,22,badkar,143,understands,0
Swedish,Female,25,badkar,67,produces,0.3582
Swedish,Female,25,badkar,67,understands,0
Swedish,Male,25,badkar,76,produces,0.2632
Swedish,Male,25,badkar,76,understands,0
Swedish,Female,28,badkar,69,produces,0.5797
Swedish,Female,28,badkar,69,understands,0
Swedish,Male,28,badkar,70,produces,0.4571
Swedish,Male,28,badkar,70,understands,0
